[15124, 2452, 1905, 11521] -> 14240	0.8894473593880253
[14240, 2452, 1905, 11521] -> 15124	0.7837067121778393
[14240, 15124, 1905, 11521] -> 2452	0.9606365935360865
[14240, 15124, 2452, 11521] -> 1905	0.9039645162094142
[14240, 15124, 2452, 1905] -> 11521	0.9685359960486445
[2452, 1905, 11521, 15107] -> 14240	0.8958387918919563
[14240, 1905, 11521, 15107] -> 2452	0.967522027140009
[14240, 2452, 11521, 15107] -> 1905	0.9237268362171654
[14240, 2452, 1905, 15107] -> 11521	0.9698423135935222
[14240, 2452, 1905, 11521] -> 15107	0.8125040506383807
