10042,1905,4306	0.15049490929613132
11064,1905,15107	0.16240896813546332
11089,1905,5317	0.15346665583759728
11089,2452,11521	0.16466224757335132
11283,11064,1905	0.16339399694703544
11283,12918,1905	0.1610345093286185
11283,14313,15107	0.15413514262092634
11283,14454,1905	0.1528314892677675
11283,15124,11064	0.15777537594572139
11283,15124,4432	0.15069691309047062
11283,15124,5317	0.19266163947945497
11283,15124,9340	0.15943305656730997
11283,16377,15107	0.16169883108526018
11283,16377,6972	0.15177982002919685
11283,16954,2452	0.15025750277494904
11283,2152,5317	0.178867071090758
11283,2452,15107	0.16638240359525103
11283,2452,2782	0.15685074002111668
11283,2452,4306	0.16360016576806216
11283,2782,4306	0.1667572559971178
11283,4306,571	0.1605888514730658
11283,4640,1905	0.15438920924885827
11283,4656,5317	0.15469742122372648
11283,5317,7617	0.15356661647809508
11283,6037,2452	0.15796904968668588
11283,7624,15107	0.1544995824560746
11283,7624,5317	0.16488715901447137
1145,14313,5317	0.16524326879624482
1145,5317,14538	0.16746114550728983
12317,12470,14367	0.18898183840112956
12317,12470,6972	0.19271161979970386
12317,15124,13651	0.15744842135075982
12317,15124,16954	0.1591539997792536
12317,16377,5317	0.166030458840165
12317,16377,9340	0.1504449289758824
12317,1905,5317	0.1564633925391877
12317,6287,5317	0.177684203511534
12317,7234,6972	0.1550993462990614
12470,13651,14367	0.15164445666185605
12470,14313,1905	0.15903946154534984
12470,14367,2152	0.15865627909010827
12470,3860,5317	0.15131333704020708
12470,4996,2152	0.1576545901717865
12470,6972,14367	0.1848334718204707
12470,6972,2152	0.16785890555593735
12470,9340,11677	0.15485777475119172
12911,12470,5317	0.16701132262504972
12911,15124,12470	0.1590061413318506
12911,5317,9340	0.15921647517956472
12918,2452,11521	0.15967046308849223
13050,14313,5317	0.15325632198988315
13050,2152,5317	0.15825018898808593
13050,5317,7617	0.15337086022378688
13728,11283,16954	0.1556262221750186
13728,14240,2452	0.16439152083866979
13728,14410,15107	0.15177982002919685
13728,14691,2782	0.1541184825141767
13728,14691,4306	0.1589686560916639
13728,15124,16377	0.16217156161428103
13728,15124,1905	0.18099956475471116
13728,17157,16377	0.15051573442956837
13728,1905,15107	0.17867547986313723
13728,6972,5317	0.15189019323641317
14240,11283,1905	0.16475387816047432
14240,14550,2452	0.1507822961375625
14240,5317,11521	0.15932476587343733
14313,1905,4306	0.1543184037951723
14367,2152,5317	0.16674476091705556
14410,11521,15107	0.15808983546062072
14410,1905,6206	0.15444127208245087
14550,2452,11521	0.16393336790305485
14691,11283,1905	0.17414184831389307
14691,15124,11521	0.1671466859923905
14691,15124,14410	0.15709231156898637
14691,15124,1905	0.17889414376422616
14691,1905,15107	0.17472495205013025
14691,2862,1905	0.15265239312020892
14691,3860,1905	0.15703191868201896
15124,12470,15107	0.1557865757024838
15124,12470,6972	0.20437369452444767
15124,12672,5317	0.15564496479511192
15124,12918,16377	0.15623015104469282
15124,12918,2452	0.1578399338593762
15124,12918,7624	0.16339607946037915
15124,14367,5317	0.19779711738502964
15124,14367,9340	0.17256330319936525
15124,16377,15107	0.15334795257700615
15124,16377,4996	0.15047408416269428
15124,16377,5317	0.1922867870775882
15124,16377,9340	0.16467057762672616
15124,2452,3962	0.1509218245315907
15124,2862,1905	0.15628429639162914
15124,3860,1905	0.17623685673765954
15124,4432,15107	0.15686948264121003
15124,4432,5317	0.16396877062989781
15124,5317,14538	0.16850448469248566
15124,5317,14712	0.16426865255139123
15124,5317,4306	0.17178860823550726
15124,7234,15205	0.15361243177165657
15124,7624,14367	0.15189019323641317
15205,14367,5317	0.1753892738067719
15205,14367,9340	0.16345230732065916
15205,5317,14712	0.1520547117905658
15205,5317,9340	0.1931218749284136
15582,1145,14538	0.16183211193925726
15582,12470,5317	0.17829021489455193
15582,13050,11149	0.1536811547119988
15582,14313,2152	0.15306681327560606
15582,15124,14313	0.1652453513095885
15582,15124,14538	0.1561676756443817
15582,5317,11149	0.17467497172988136
16242,11283,15124	0.16859819779295235
16242,11283,5317	0.16414786677745638
16242,12911,5317	0.16766314930162915
16242,12911,9340	0.15020752245470012
16242,15124,14367	0.1934175918232196
16242,15124,4996	0.19358211037737225
16242,15124,5317	0.22387018444820686
16242,15124,7234	0.16725914171295053
16242,15124,9340	0.19509818009158894
16242,16377,6972	0.16478511586062988
16242,16384,12470	0.15388524101968185
16242,2152,5317	0.18380471022868078
16242,2152,9340	0.15667997392693295
16242,4996,11677	0.15625514120481726
16242,6287,14313	0.17230298903140223
16242,7234,14313	0.18269889564317382
16377,14550,4306	0.16187376220613134
16377,3860,1905	0.1551972244262155
16384,12470,6972	0.15091349447821586
16384,16377,5317	0.15529926758005702
16384,6287,5317	0.15069483057712693
16954,2452,11521	0.16849615463911086
17157,11283,14313	0.15497439549843917
17157,11283,14550	0.1572485000697642
17157,11283,1905	0.16275258283717453
17157,15124,1905	0.1522483855315303
17157,1905,15107	0.15251286472618072
17169,15124,5317	0.15280025156761193
1905,2372,11521	0.152841901834486
1905,3962,4306	0.16089081590790294
1905,5317,15107	0.18180757993206842
1905,5317,9340	0.16084916564102886
1962,2152,5317	0.1514716080543286
2152,5317,15107	0.15370406235877956
2152,5317,7617	0.16033061981844648
2452,1905,2372	0.15443502454241975
2452,1905,6206	0.16919171409590808
2452,3962,11521	0.1753309634331482
2862,14550,4306	0.15640091713887658
2862,2452,1905	0.15574909046229712
3427,15124,15205	0.17021839317435428
3427,15124,4996	0.1582772616615541
3427,15124,5317	0.19481287576350145
3427,15124,9340	0.16049513837259913
3427,1905,5317	0.1501846148079194
3624,15205,1905	0.15599066201016684
3624,2452,11521	0.1617154911920098
3624,6037,1905	0.1659263331729798
3860,11521,15107	0.1553804856004615
3860,1905,15107	0.1846918609130988
3860,2152,5317	0.16467682516675725
3860,6037,2452	0.15260033028661632
3938,11283,4306	0.15135082228039376
3938,2452,1905	0.17201560218997103
4432,6037,1905	0.1800416086166072
5496,2452,1905	0.15546378613420966
6037,11089,1905	0.15281691167436157
6037,11521,15107	0.1692521069828755
6037,14410,11521	0.15145494794757897
6037,14410,1905	0.16825874811792857
6037,14621,1905	0.1501429645410453
6037,2452,1905	0.1852291493557745
6037,2782,1905	0.15703816622205008
6037,4306,15107	0.1620132906001595
6287,11283,16377	0.16870024094679387
6287,11283,2152	0.16080959788749846
6287,11283,2782	0.15154033099467085
6287,11283,4306	0.16627827792806582
6287,1145,12470	0.1502491727215742
6287,12470,6972	0.1660200462734465
6287,13050,14538	0.15620516088456837
6287,14367,5317	0.16873356116029314
6287,15124,1145	0.1643540355984831
6287,15124,12470	0.1899377120258898
6287,15124,3860	0.15472657641053836
6287,15124,571	0.15246496691927552
6287,1542,5317	0.15295019252835862
6287,16377,5317	0.18369433702146445
6287,3106,11283	0.15190685334316278
6287,3860,1905	0.1571131367024234
6287,5317,4306	0.1635293603143762
6386,15124,5317	0.17262369608633268
6386,2152,5317	0.1829258895976376
6692,14313,5317	0.16049930339928653
6971,1905,11521	0.15134665725370636
6972,2152,5317	0.17835685532155046
6972,2152,9340	0.1524941221060874
6972,7624,5317	0.15846677037583118
7234,12470,4996	0.15373530005893513
7234,12470,5317	0.17825481216770897
7234,12470,9340	0.1662158025277547
7624,1905,4306	0.15030748309519792
8387,14691,1905	0.1517090145755109
8387,6037,2452	0.15261074285333484
8644,2452,15107	0.1597954138891145
8644,3860,1905	0.16795470116974776
