10042,16954,11521	0.15111133324586778
10042,16954,2452	0.15163404409513753
10947,2452,11521	0.15231086093184143
11283,10042,4306	0.15055530218309873
11283,1145,5317	0.1510217851720885
11283,14410,1905	0.1698477057991749
11283,14621,1905	0.16381258212912
11283,15124,16377	0.1772427106826687
11283,15124,2452	0.16895222506138208
11283,15124,6037	0.16336067673353616
11283,15124,7624	0.17005179210685792
11283,16377,1905	0.17694074624783157
11283,16954,2782	0.15187978066969465
11283,16954,4306	0.15574700794895344
11283,1905,2152	0.1554929413210215
11283,1905,4306	0.18418581017057867
11283,2452,5317	0.15481612448431764
11283,2782,5317	0.16057635639300358
11283,2862,571	0.15350414107778396
11283,3962,4306	0.15693195804152116
11283,5317,15107	0.1669446821980512
11283,6037,2782	0.15237541884549624
11283,6037,4306	0.1621903042343744
11283,6971,1905	0.16429364271151567
12317,11283,5317	0.15299392530857642
12317,12911,5317	0.1516153014750442
12317,14313,11677	0.15933517844015585
12317,14313,15205	0.17891913392435063
12317,6287,14313	0.16608460418710133
12317,6972,14313	0.18728459002601058
12317,6972,2152	0.15016378967448235
12317,7234,14313	0.17508314434524738
12470,14313,11677	0.16392295533633633
12470,14313,15205	0.1920306379363126
12470,14367,11677	0.15311054605582386
12470,14367,5317	0.1992840319124345
12470,14367,9340	0.18053308176572141
12470,15205,11677	0.15353746129128323
12470,4996,5317	0.1953251740460527
12470,4996,9340	0.1766075441128389
12470,5317,14538	0.15316469140276015
12470,5317,14712	0.1641541143174875
12470,6972,4996	0.18020404465741613
12470,6972,5317	0.20960288553048903
12470,6972,9340	0.1903792048547551
12911,14313,5317	0.17058908054953362
12911,14313,9340	0.15010964432754603
12911,15124,6972	0.15469742122372648
12918,1905,15107	0.15572410030217268
13050,1145,5317	0.1594996969943085
13728,11283,11521	0.16136979397695492
13728,11283,14410	0.15183396537613314
13728,11283,16879	0.15015962464779492
13728,11521,15107	0.15819604364114964
13728,11521,4306	0.15081561635106178
13728,12470,5317	0.15334795257700615
13728,14240,11521	0.1654369425372093
13728,14313,2782	0.15977875378236486
13728,14313,4306	0.1505823748565669
13728,14550,2782	0.1509738873651833
13728,14550,4306	0.15309388594907422
13728,14691,15107	0.1593081057666877
13728,15124,12918	0.1604847258058806
13728,15124,14313	0.17249666277236672
13728,15124,14550	0.150292905501792
13728,17157,11283	0.16413745421073786
13728,17157,14313	0.15178815008257165
13728,2782,11521	0.15099262998527663
13728,2862,1905	0.15472657641053836
13728,3860,1905	0.15973918602883447
13728,6287,5317	0.15143620532748564
13728,7624,1905	0.15560539704158155
14240,10042,2452	0.15013879951435788
14240,11283,11521	0.1710222433250241
14240,11521,15107	0.1765596463059337
14240,14550,11521	0.1515590736147642
14240,15205,2452	0.15288563461470378
14240,16954,2452	0.15540339324724223
14240,2452,15107	0.17574746610188904
14240,3860,1905	0.15823769390802372
14240,4432,11521	0.15620932591125578
14313,14367,2152	0.15486818731791024
14313,1905,11521	0.16305038224532423
14313,1905,5317	0.17810695372030597
14313,1905,9340	0.1546599359835398
14313,7624,1905	0.15404142952045966
14313,9340,11677	0.16030146463163464
14367,5317,9340	0.18289673441082574
14550,1905,15107	0.16335651170684876
14691,11283,15107	0.16152181745104532
14691,11283,2862	0.15165486922857457
14691,15124,2862	0.15111758078589888
14691,2452,1905	0.1813119417562668
14691,3938,1905	0.15282107670104897
15124,12470,1905	0.1775405100908184
15124,12918,14313	0.16436028313851422
15124,12918,4306	0.15791073931306215
15124,14313,14712	0.15175482986907238
15124,14410,15107	0.15910401945900468
15124,16377,7624	0.15752339183113315
15124,1905,3962	0.16937705778349774
15124,3860,11521	0.15124669661320855
15124,4432,6037	0.153616596798344
15124,5317,571	0.16110739729564816
15124,5317,9340	0.20813887864986494
15124,5496,5317	0.17664711186636928
15124,5496,9340	0.15039911368232092
15124,6206,15107	0.15258783520655408
15124,6972,14313	0.19956933624052195
15124,6972,14712	0.1550368708987503
15124,6972,1905	0.17585783930910537
15205,12155,1905	0.15743176124401018
15582,12317,5317	0.15443710705576347
15582,13050,7617	0.1503408033086972
15582,14313,5317	0.18781354841531148
15582,14313,9340	0.15277317889414377
15582,15124,6972	0.15100720757868255
15582,16242,12470	0.155095181272374
15582,4996,5317	0.15468076111697684
15582,6287,11149	0.17103057337839891
15582,6287,15124	0.18416498503714163
15582,6287,15205	0.1579794622534044
15582,6287,2152	0.18076215823352887
16242,12317,12911	0.15110300319249295
16242,13651,5317	0.16392503784968002
16242,15124,16377	0.1715636967943872
16242,15124,6037	0.150532394536318
16242,15124,7624	0.1672466466328883
16242,15205,2152	0.1542184431546745
16242,5317,9340	0.20518379221514862
16242,6287,14367	0.15741510113726054
16242,6287,6972	0.16340024448706655
16242,6692,12317	0.15075314095075065
16242,7234,14367	0.16221321188115512
16377,14313,14367	0.15659459087984107
16377,2452,1905	0.16021816409788645
16377,4306,15107	0.15261907290670965
16882,3860,1905	0.15194433858334946
16954,1905,15107	0.16192166001303654
16954,1905,3962	0.1501950273746379
1905,16879,15107	0.15128626436673892
1905,3962,5317	0.16453729677272907
1962,3938,1905	0.15428300106832935
2452,12155,1905	0.16588676541944944
2452,14454,1905	0.16305662978535534
2452,1905,571	0.16052012853272357
2782,1905,15107	0.16296708171157606
2862,2452,11521	0.15938307624706105
2862,4306,15107	0.15272111606055117
2862,6037,1905	0.1517589948957598
3106,15124,14313	0.15672578922049443
3106,16377,5317	0.15047408416269428
3427,15124,16954	0.15142162773407972
3427,15124,7624	0.15100096003865146
3427,2152,5317	0.15275235376070673
3624,15124,1905	0.15932893090012473
3624,1905,15107	0.16595548835979165
3624,1905,5317	0.15027208036835496
3624,4432,1905	0.1587728998373557
3860,1905,3962	0.1626463746566456
3938,11283,5317	0.15243581173246368
3938,12155,1905	0.16504751254193661
3938,6037,2372	0.15222339537140583
4432,14313,5317	0.15012213940760824
4432,15205,1905	0.16131773114336231
4432,2452,11521	0.1681233847505878
5317,9340,14712	0.15153824848132713
5496,6037,1905	0.16037643511200797
5926,11064,571	0.1531771864828224
6037,14313,15107	0.15323757936978982
6037,15205,15107	0.15770457049203543
6037,1905,571	0.15550543640108375
6206,5317,15107	0.15727765525657605
6287,11283,14313	0.1612677508231134
6287,11283,14550	0.15566370741520527
6287,11283,5317	0.18927963780927926
6287,12470,1905	0.15238374889887107
6287,12470,7617	0.15191101836985021
6287,15124,15107	0.15917898993937804
6287,1905,3962	0.152841901834486
6287,2152,14538	0.15664457120008995
6287,3938,1905	0.15140913265401748
6287,5317,9340	0.18006451626338796
6287,6972,14313	0.1613635464369238
6287,7234,14313	0.16037227008532057
6287,7617,14538	0.15226504563827992
6386,5317,9340	0.15042410384244537
6692,15124,14313	0.15542213586733558
7234,12672,5317	0.1510259501987759
7234,14367,5317	0.162094508620564
7234,14367,9340	0.15113215837930483
7234,6972,15205	0.15123420153314632
7624,1905,5317	0.16286087353104714
8387,1905,11521	0.16095745633490147
8644,14410,1905	0.15331463236350687
8644,2452,1905	0.168283738278053
8644,3860,15107	0.16037851762535169
8644,5317,15107	0.15288563461470378
