10042,16954,11781	0.150496991809475
11064,1905,11521	0.15763168252500578
11064,2452,1905	0.15912692710578544
11089,2452,1905	0.1628837811778279
11283,10042,16954	0.1594622117541218
11283,10042,1905	0.16040350778547613
11283,11089,1905	0.16124692568967636
11283,14313,5317	0.17963135348789747
11283,14313,9340	0.15511600640581105
11283,14550,14313	0.15213384729762655
11283,14550,5317	0.15958091501471294
11283,15124,14621	0.15316677391610387
11283,15124,15107	0.1717615355620391
11283,15124,6972	0.17104306845846115
11283,15205,1905	0.1631274352390413
11283,16377,16879	0.1551888943728407
11283,16954,15107	0.1500450864138912
11283,16954,1905	0.16845450437223677
11283,1905,571	0.16760483892800543
11283,2452,11521	0.1866098557026504
11283,2452,14410	0.15564288228176823
11283,2452,571	0.15040744373569573
11283,2862,11064	0.15198390633687986
11283,3860,15107	0.1600494805170464
11283,3860,6037	0.15187978066969465
11283,4306,15107	0.17006636970026384
11283,6037,1905	0.1792002732257507
11283,6206,4306	0.1523004483651229
11283,6972,5317	0.1643519530851394
11283,7624,16879	0.1503387207953535
1145,1905,5317	0.1525024521594622
12155,1905,2372	0.15678618210746184
12155,1905,6206	0.15025958528829272
12317,11283,15124	0.1614760021574838
12317,15124,14367	0.18178675479863138
12317,15124,4996	0.17293815560123202
12317,15124,5317	0.2023307489342738
12317,15124,7234	0.15923105277297064
12317,15124,9340	0.1775342625507873
12317,16377,6972	0.15968504068189818
12317,16384,12470	0.1503387207953535
12317,5317,11677	0.15747965905091538
12317,5317,9340	0.18363810916118445
12317,6287,6972	0.1551888943728407
12470,15205,4996	0.17687618833417676
12470,15205,5317	0.2030179783376962
12470,15205,9340	0.18808635766333673
12470,16954,5317	0.1617092436519787
12911,12470,6972	0.1500971492474838
12911,14367,5317	0.1508739267246855
12911,16377,5317	0.15127793431336412
12911,6287,15124	0.15120712885967816
13728,11283,11064	0.15344791321750395
13728,11283,2452	0.16482676612750397
13728,11283,6037	0.15951427458771442
13728,11283,7624	0.1559302691231994
13728,14240,1905	0.1606742345201577
13728,14313,1905	0.16725705919960682
13728,14550,1905	0.1589582435249454
13728,15124,571	0.15143204030079824
13728,16377,2782	0.15545337356749114
13728,16377,4306	0.15717561210273454
13728,1905,11521	0.17623685673765954
13728,2782,4306	0.15618017072444393
13728,6037,15107	0.16359391822803104
13728,6037,2452	0.1550514484921562
14240,11521,4306	0.16132814371008083
14240,14410,11521	0.1639666881165541
14240,2452,3962	0.16052012853272357
14240,2782,11521	0.15317093894279127
14240,3624,11521	0.15427675352829823
14240,6037,15107	0.15545337356749114
14240,6037,2452	0.17040165434860025
14313,13651,5317	0.16409163891717637
14313,13651,9340	0.1532313318297587
14313,15205,2152	0.15693612306820856
14313,5317,15107	0.15673411927386924
14550,2782,4306	0.1501492120810764
14621,2452,11521	0.16037018757197688
14691,11521,4306	0.15409557486739597
14691,14313,1905	0.15223172542478067
14691,14410,15107	0.15412681256755154
14691,14550,1905	0.1526982084137704
14691,15124,16377	0.15438920924885827
14691,1905,11521	0.17947099996043225
14691,1905,3962	0.15746508145750943
14691,6037,15107	0.1611261399157415
15124,11064,1905	0.16126150328308228
15124,1145,5317	0.17740098169679022
15124,12155,1905	0.1606700694934703
15124,12470,11521	0.15100096003865146
15124,12470,16879	0.15178606756922794
15124,12918,1905	0.1740106499732397
15124,14454,1905	0.15796488465999847
15124,15205,7624	0.15249620461943109
15124,16377,6972	0.17544341915370823
15124,16954,2452	0.15130500698683227
15124,1905,2152	0.15983289912930118
15124,1905,4306	0.17515394979893334
15124,2452,15107	0.16770063454181583
15124,2452,5317	0.1666052325230274
15124,2782,5317	0.15685490504780408
15124,4306,571	0.1507822961375625
15124,6037,15205	0.1529876777685453
15124,6037,4306	0.15446834475591903
15124,6971,1905	0.15652170291281142
15124,7234,14313	0.1815535133041365
15124,7234,5317	0.17706361453511013
15124,7234,9340	0.15848343048258082
15124,7624,15107	0.1565196203994677
15205,1905,2372	0.1509738873651833
15582,13050,14538	0.16894181249466356
15582,15124,1145	0.1527440237073319
15582,15124,12470	0.16218613920768699
15582,16242,15124	0.1587166719770757
15582,16377,5317	0.16473930056706837
15582,1905,6206	0.1527356936539571
15582,5317,14538	0.19154332981388578
15582,6287,16377	0.16324613849963243
15582,6287,1905	0.16086166072109107
15582,6287,7617	0.17821524441417858
16242,11283,14313	0.1539643765267426
16242,11283,6972	0.15167985938869905
16242,1145,5317	0.15551168394111486
16242,12317,16384	0.1530855558956994
16242,12317,4996	0.18756156430072327
16242,12317,5317	0.20731003833907066
16242,12317,7234	0.16986853093261195
16242,12317,9340	0.18745743863353803
16242,12470,7624	0.15888535555791575
16242,12911,6972	0.15074897592406322
16242,14313,4996	0.18840498220492347
16242,14313,5317	0.21437184108757176
16242,14313,9340	0.19879672379000768
16242,15124,15107	0.15411640000083301
16242,15124,6972	0.2041508655966713
16242,16384,5317	0.15463911085010276
16242,3427,12470	0.15511184137912365
16242,6287,12470	0.17804864334668224
16242,6972,11677	0.15939140630043588
16242,6972,15205	0.19206604066315555
16242,6972,4996	0.18877566958010283
16242,6972,5317	0.20848249335157615
16242,6972,9340	0.18813425547024193
16242,7234,12470	0.17663461678630707
16242,7234,4996	0.16003906795032788
16242,7234,5317	0.1787587803968854
16242,7234,9340	0.16639281616196955
16377,12470,15205	0.1600328204102968
16377,14313,5317	0.19472749271640957
16377,14313,9340	0.17137418808011012
16377,14367,5317	0.15823561139468
16377,15205,1905	0.15038037106222757
16377,2452,11521	0.16260680690311524
16377,5317,9340	0.17306518891519798
16377,6972,15205	0.15639466959884546
16384,15124,5317	0.16395627554983558
16954,11781,1905	0.15021585250807495
16954,1905,4306	0.15591152650310608
17157,16377,4306	0.15112382832593
1905,5317,11521	0.17271740918679937
1905,5317,16879	0.1520484642505347
1905,6206,15107	0.1812557138959868
1962,15124,5317	0.15159447634160717
1962,6037,1905	0.1565112903460929
2152,5317,16879	0.15194433858334946
2452,11521,571	0.16353144282771992
2452,14454,11521	0.16456228693285352
2452,2782,1905	0.16291085385129606
2782,1905,5317	0.15341875803069208
3427,14313,5317	0.16067631703350138
3427,15124,12918	0.1567591094339937
3427,15124,14313	0.17649092336559147
3427,15124,6972	0.17392318441280413
3624,3860,1905	0.15609687019069574
3860,14313,1905	0.15653419799287363
3860,1905,11521	0.17380864617890038
3860,1905,4306	0.16020358650448052
3860,6037,15107	0.16923752938946957
3860,6037,1905	0.17760090297778583
3925,2452,11521	0.15154033099467085
3938,10947,1905	0.1589061806913528
3938,15124,5317	0.16050346842597393
3938,1905,2372	0.15181938778272722
3938,1905,6206	0.1606783995468451
3938,2452,15107	0.15184437794285166
3938,4432,1905	0.15732763557682497
3938,8644,1905	0.1561281078908513
5496,14313,5317	0.15153408345463973
5496,15205,1905	0.1652932491164937
5496,2452,11521	0.15629054393166025
6037,1905,15107	0.19864261780257356
6037,1905,2372	0.17957512562761746
6037,1905,6206	0.17281320480060977
6037,2372,15107	0.17049953247575433
6037,6206,15107	0.16898971030156876
6287,11283,571	0.15280649910764305
6287,1145,5317	0.2010604157946142
6287,12470,14367	0.15767541530522358
6287,15124,16954	0.15087184421134178
6287,15124,4996	0.15976625870230263
6287,15124,5317	0.21856602296179212
6287,15124,9340	0.16806923940365148
6287,1905,2152	0.152342098631997
6287,1905,4306	0.1568611525878352
6287,5317,11149	0.1715053864207635
6287,6386,2152	0.150975969878527
6287,7234,5317	0.16442692356551275
6386,14313,5317	0.17255705565933413
6386,6972,5317	0.16009946083729532
6972,14313,13651	0.15457663544979164
6972,14313,2152	0.16069297714025102
6972,4996,5317	0.18793433418924632
6972,4996,9340	0.170128845100575
6972,5317,11677	0.15893117085147723
7234,12470,6972	0.16146975461745272
7234,2152,5317	0.16511831799562254
8387,14410,1905	0.15157989874820124
8387,6037,1905	0.16373136410871553
8644,11521,15107	0.15447250978260643
8644,1905,3962	0.15305223568220014
8644,2452,11521	0.167840162935844
8644,4432,6037	0.15467034855025832
