10947,6037,1905	0.1512279539931152
11089,14410,1905	0.1521484248910325
11089,14621,1905	0.15892284079810243
11089,3962,5317	0.15057612731653577
11283,11064,4306	0.1562676362848795
11283,12155,1905	0.15628429639162914
11283,12470,1905	0.15913525715916024
11283,12918,4306	0.15075730597743806
11283,14550,571	0.15479113432419317
11283,15124,10042	0.15215883745775102
11283,15124,11521	0.1659304981996672
11283,15124,14410	0.1592018975861588
11283,15124,16879	0.16118653280270892
11283,15124,571	0.16094496125483923
11283,15124,6971	0.15629470895834766
11283,16377,2452	0.15304182311548162
11283,16377,571	0.15211926970422063
11283,16377,6037	0.1540164393603352
11283,16377,7624	0.1540705847072715
11283,2452,3962	0.1521088571375021
11283,2862,15107	0.1552971850667133
11283,2862,1905	0.16534947697677374
11283,3860,1905	0.17365454019146628
11283,4306,16879	0.15623431607138022
11283,4640,4306	0.15366032957856177
11283,5317,4306	0.17173654540191466
11283,5317,571	0.15556166426136375
11283,6972,14313	0.1540101918203041
1145,5317,9340	0.15007007657401564
12317,12470,7624	0.15157989874820124
12317,14313,4996	0.17316723206903947
12317,14313,5317	0.1996380591808642
12317,14313,9340	0.1863203863478755
12317,14367,5317	0.18554569138401755
12317,14367,9340	0.1685169797725479
12317,15124,6972	0.19143920414670057
12317,3427,15124	0.16353769036775104
12317,6287,15124	0.1761598037439425
12317,6972,11677	0.1527377761673008
12317,6972,15205	0.17561002022120456
12317,7234,15205	0.1507343983306573
12470,14313,2152	0.1757703737486698
12470,2152,5317	0.19750556551691104
12470,2152,9340	0.16585969274598128
12470,5317,11677	0.16701548765173713
12470,5317,7617	0.1503366382820098
12470,7624,5317	0.1706182357363455
12911,15124,5317	0.17796950783962148
12911,15124,9340	0.15040952624903944
12918,14410,1905	0.1510342802521507
13728,11283,15107	0.16780892523568844
13728,11283,1905	0.1835152408739059
13728,11283,571	0.15542838340736667
13728,12470,14313	0.15179023259591537
13728,15124,15205	0.15286064445457934
13728,15124,2782	0.16262554952320857
13728,15124,4306	0.16327112865975688
13728,16377,14313	0.1588207976442609
13728,17157,15124	0.1544058693556079
13728,1905,4306	0.16877937645385463
13728,2782,15107	0.15392689128655593
13728,6037,11521	0.15192351344991242
13728,6037,1905	0.17099517065155595
14240,11089,11521	0.15066151036362765
14240,14691,11521	0.1712638148728938
14240,1905,4306	0.1557740806224216
14240,2452,14454	0.15242331665240144
14240,2452,5317	0.15701109354858192
14240,3860,2452	0.15859172117645343
14240,3962,11521	0.16212366380737583
14240,6037,11521	0.1721863682841548
14240,6037,1905	0.1679359585496544
14240,8644,11521	0.15512850148587326
14313,14367,11677	0.15296893514845197
14313,15205,11677	0.15298143022851418
14313,16954,5317	0.16099910660177555
14313,1905,15107	0.1669446821980512
14313,2782,5317	0.15522013207299626
14313,4996,14367	0.16546818023736487
14313,5317,13081	0.150201274914669
14313,5317,16879	0.15309805097576162
14313,5317,9340	0.2109960869574272
14550,1905,4306	0.16304621721863682
14550,4306,15107	0.1514716080543286
14550,6037,1905	0.15644673243243806
14621,1905,4306	0.15330838482347575
14691,11064,571	0.15169027195541757
14691,11283,2782	0.15535757795368074
14691,11283,4306	0.1643019727648905
14691,11521,15107	0.1606742345201577
14691,14410,11521	0.15510975886577993
14691,15124,2782	0.15197765879684874
14691,15124,4306	0.16388130506946225
14691,1905,5317	0.15909152437894244
14691,2862,4306	0.1533791902771617
14691,6037,11521	0.15485360972450432
15124,10042,1905	0.15811066059405776
15124,11064,571	0.1590582041654432
15124,11089,1905	0.1589707386050076
15124,12470,2452	0.1513216670935819
15124,12470,6037	0.15036371095547796
15124,12470,7624	0.17295481570798166
15124,14313,11677	0.1639104602562741
15124,14313,15205	0.1918473767620666
15124,14313,4996	0.17779249420540663
15124,14313,5317	0.22537792410904872
15124,14313,9340	0.20009829462982284
15124,14410,1905	0.17427096414120274
15124,14550,5317	0.15262948547342817
15124,15107,571	0.1513112545268634
15124,15205,11677	0.15144870040754785
15124,15205,1905	0.17696573640795604
15124,16954,11521	0.15169651949544866
15124,16954,1905	0.16893972998131984
15124,1905,14312	0.15369989733209216
15124,1905,571	0.16301706203182498
15124,2452,11521	0.19268662963957942
15124,2452,14410	0.1601973389644494
15124,2862,4306	0.1578857491529377
15124,3860,15107	0.15892492331144611
15124,4306,15107	0.16031604222504056
15124,6037,14313	0.1563155340917847
15124,6206,5317	0.15376029021905957
15124,6972,11677	0.15684657499442928
15124,6972,15205	0.19224097178402672
15124,6972,2452	0.1527877564875497
15124,6972,7624	0.16620122493434877
15124,7234,12470	0.1659825610332598
15124,7234,6972	0.1565716832330603
15124,7624,16879	0.15678618210746184
15124,7624,1905	0.1709680979780878
15205,2452,11521	0.16505167756862402
15205,2452,1905	0.16409580394386378
15582,11283,5317	0.16816295250411817
15582,1145,2152	0.15442877700238863
15582,12911,5317	0.15132583212026932
15582,14538,11149	0.16064924436003325
15582,15124,5317	0.19339051914975144
15582,15124,9340	0.1507385633573447
15582,16242,14313	0.15177565500250942
15582,16242,6287	0.16438735581198236
15582,1905,14538	0.15286272696792305
15582,2152,14538	0.1554866937809904
15582,3860,5317	0.1579315644464992
15582,5317,7617	0.1708743848776211
16242,11283,12470	0.15689239028799076
16242,12317,16377	0.1652370212562137
16242,12317,6972	0.19773880701140592
16242,12470,1905	0.15816480594099408
16242,14367,11677	0.15473907149060057
16242,15205,11677	0.15496190041837693
16242,6287,4996	0.1571527044559538
16242,6287,5317	0.19217016633034076
16242,6287,9340	0.1576899928986295
16242,6972,14313	0.1970953103882013
16242,6972,14712	0.15634052425190914
16242,7234,6972	0.16389588266286817
16377,12470,14313	0.17497901867806218
16377,14313,16954	0.15226504563827992
16377,1905,5317	0.165974230979885
16377,2862,4306	0.15393938636661814
16377,6972,14313	0.1701455052073246
16377,7234,14313	0.16478719837397357
16384,14313,5317	0.15786908904618807
16384,15124,16377	0.15388732353302553
16384,15124,6972	0.1560218997103224
16384,16377,14313	0.15275651878739413
16954,14410,1905	0.15065734533694025
17157,11283,2782	0.16144059943064085
17157,11283,4306	0.1617009135986039
17169,15124,15205	0.15184229542950797
1905,6206,11521	0.16507666772874846
1962,15205,1905	0.15144661789420416
1962,3860,1905	0.16421242469111122
2152,5317,4306	0.15547003367424075
2452,4306,15107	0.15736720333035534
2452,7624,11521	0.15520971950627774
3106,12470,5317	0.1578857491529377
3427,12470,14313	0.1504865792427565
3427,15124,12470	0.17952098028068114
3860,15205,5317	0.15036995849550905
3860,6037,11521	0.1501471295677327
3938,11089,1905	0.15853132828948602
3938,11283,15124	0.1539248087732122
3938,11283,3962	0.15354995637134544
3938,15205,1905	0.1644102634587631
3938,2452,11521	0.1721468005306244
3938,5496,1905	0.154707833790445
4432,14454,1905	0.15584280356276384
4432,1905,4306	0.15242748167908887
4432,2452,15107	0.1574026060571983
4996,2152,5317	0.16828998581808413
5317,11521,15107	0.1510821780590559
5317,9340,11677	0.15902696646528763
5496,12155,1905	0.15339376787056763
6037,12155,15107	0.15885203534441647
6037,14313,1905	0.1614593420507342
6037,1905,11521	0.1825760273558953
6037,2372,11521	0.15015545962110752
6037,2452,4306	0.15123420153314632
6037,5317,15107	0.16503501746187438
6287,11283,15124	0.17761339805784807
6287,11283,3860	0.15189019323641317
6287,12470,7624	0.15095514474508995
6287,13050,7617	0.1567049640870574
6287,14313,5317	0.20585436151182138
6287,14313,9340	0.1662637003346599
6287,15124,14367	0.16306912486541758
6287,15124,6972	0.1776342231912851
6287,2152,7617	0.16147808467082753
6287,2452,11521	0.16099077654840074
6287,3106,5317	0.16942703810374665
6287,5317,14538	0.1896440776444275
6287,6206,5317	0.15849176053595562
6287,6972,15205	0.15095514474508995
6287,7624,1905	0.1542184431546745
6386,11283,5317	0.1551847293461533
6972,14313,14367	0.1785630241425772
6972,14367,5317	0.18358396381424813
6972,14367,9340	0.16668853305677556
6972,15205,14367	0.16637615605521994
6972,15205,1905	0.15178398505588425
6972,2452,11521	0.15322300177638387
6972,5317,14712	0.15918731999275285
7234,14313,11677	0.15169443698210497
7234,14313,15205	0.16826083063127226
7234,14313,2152	0.15954134726118258
7234,4996,5317	0.15956217239461962
7234,6972,5317	0.16482468361416025
7234,6972,9340	0.15527844244661998
7624,5317,9340	0.15634885430528397
8387,14240,2452	0.15267113574030225
8387,15124,1905	0.1560760450572587
8387,1905,15107	0.16677808113055484
8387,3860,1905	0.15051365191622465
8644,12155,1905	0.15257117509980445
8644,1905,5317	0.15880622005085498
8644,4432,1905	0.16298582433166942
