10042,16954,1905	0.16582012499245088
10042,2452,11521	0.16257765171630337
10042,2452,1905	0.15820645620786816
10947,1905,3962	0.15113215837930483
11064,2452,11521	0.1627879855640175
11283,11064,14550	0.15177773751585313
11283,11064,571	0.16361474336146808
11283,14313,7624	0.15397478909346113
11283,14550,2452	0.15354370883131432
11283,14550,6037	0.15224422050484288
11283,15107,571	0.15844178021570673
11283,15124,1905	0.19055830100231366
11283,16377,15205	0.1507323158173136
11283,16879,15107	0.15051989945625577
11283,1905,15107	0.18860282097257539
11283,1905,8904	0.15755879455797614
11283,2862,2782	0.15302516300873198
11283,2862,4306	0.1693916353769037
11283,3860,4306	0.1561239428641639
11283,5317,11521	0.15182980034944574
11283,5317,16879	0.1615072398576394
11283,6206,15107	0.1607866902407177
11283,6206,5317	0.1549952206318762
11283,7624,1905	0.1650433475152492
12155,14410,1905	0.1549494053383147
12317,13651,5317	0.15618017072444393
12317,15124,16377	0.16574723702542124
12317,15124,7624	0.16216114904756251
12317,6287,12470	0.16636574348850142
12317,7234,12470	0.1654327775105219
12470,14313,14712	0.15457247042310424
12470,5317,4306	0.15392689128655593
12911,2152,5317	0.1571943547228279
12918,1905,11521	0.1554929413210215
13462,14313,5317	0.15649046521265586
13728,11283,16377	0.16943328564377777
13728,11283,2782	0.17402314505330194
13728,11283,4306	0.17090562257777667
13728,14313,15107	0.15199015387691098
13728,14691,11521	0.16045973564575616
13728,15124,12470	0.1615676327446068
13728,16377,5317	0.1541226475408641
13728,1905,3962	0.15658834333980995
13728,2782,5317	0.15011172684088972
13728,3938,1905	0.15596150682335497
13728,6037,4306	0.1502429251815431
13728,6972,1905	0.15304182311548162
14240,12155,11521	0.15804610268040292
14240,14691,2452	0.17000389429995272
14240,15205,1905	0.1522088177779999
14240,16954,1905	0.1510280327121196
14240,1905,3962	0.1583168294150845
14240,2452,11521	0.21989050144838804
14240,2452,14410	0.1632398909596013
14240,2452,6206	0.1534812334310032
14240,3624,2452	0.15135706982042488
14313,15205,4996	0.16977690034548895
14313,15205,5317	0.19643515365824707
14313,15205,9340	0.18670356880311711
14313,2452,1905	0.163277376199788
14313,4996,2152	0.15037620603554017
14410,1905,4306	0.15960174014815
14550,1905,11521	0.15747132899754054
14621,1905,15107	0.15697777333508264
14621,1905,3962	0.16585552771929385
14691,11283,11521	0.16129898852326896
14691,11283,14410	0.15187145061631982
14691,15124,12918	0.16732994716663646
14691,15124,14313	0.15870834192370087
14691,1905,571	0.153764455245747
14691,4432,1905	0.15221090029134363
14691,6287,15124	0.1507822961375625
15124,12470,11677	0.1609262186347459
15124,12470,15205	0.19692870932070497
15124,12918,12470	0.16286920358442197
15124,12918,14312	0.15453915020960496
15124,13651,5317	0.16734035973335498
15124,14410,11521	0.1571485394292664
15124,14621,1905	0.15721309734292122
15124,15205,2152	0.15907694678553652
15124,16377,15205	0.16584303263923164
15124,16377,1905	0.16986228339258083
15124,16954,4306	0.15178815008257165
15124,1905,4996	0.15600107457688536
15124,1905,5317	0.19896540737084772
15124,1905,9340	0.16282963583089158
15124,2452,7624	0.15137372992717452
15124,3962,5317	0.15579490575585864
15124,4432,1905	0.17022047568769796
15124,5317,15107	0.17311725174879058
15124,5496,6972	0.16051804601937986
15124,6037,5317	0.16699466251830009
15124,7234,14367	0.1517110970888546
15124,7624,2152	0.1510738480056811
15124,7624,4306	0.15448500486266867
15124,7624,571	0.15018669732126308
15124,9756,5317	0.15223380793812435
15205,2152,5317	0.17553921476751863
15582,2152,5317	0.18693264527092457
15582,6287,11283	0.1668134838573978
15582,6287,13050	0.1745021231223539
15582,6287,14313	0.18144522261026388
15582,6287,14538	0.18515417887540114
16242,11283,1905	0.1543038262017664
16242,12317,11677	0.16341482208047248
16242,12317,15124	0.20508383157465082
16242,12317,15205	0.1870346884247661
16242,12317,7624	0.15233585109196587
16242,12470,11677	0.16794220608968552
16242,12470,15205	0.20042941425147182
16242,12470,2152	0.17545591423377047
16242,14313,11677	0.16527867152308778
16242,14313,15205	0.1902709141608825
16242,14313,7624	0.15545129105414743
16242,15124,1905	0.1761160709637247
16242,16377,15205	0.15659459087984107
16242,1905,15107	0.15349372851106544
16242,1905,5317	0.16830039838480265
16242,3106,5317	0.15069274806378322
16242,4996,14367	0.18010200150357464
16242,6386,5317	0.16037435259866428
16242,6692,15124	0.15942680902727885
16242,6972,13651	0.15798154476674808
16242,6972,16954	0.15179023259591537
16377,12470,2152	0.15219632269793767
16377,14313,7624	0.15025333774826163
16377,1905,15107	0.16574931953876496
16384,12470,14313	0.1500846541674216
16954,1905,11521	0.16451438912594832
16954,1905,5317	0.15658001328643514
17088,1905,15107	0.15349581102440915
17157,11283,15107	0.15236500627877772
1905,11521,4306	0.16888350212103984
1905,11521,571	0.15816064091430665
1905,3962,15107	0.17181568090897542
1905,4306,571	0.1561697581577254
1962,1905,5317	0.1570131760619256
2452,14410,15107	0.16257973422964708
2452,14410,1905	0.17771335869834587
2452,1905,4306	0.17209265518368808
2452,2372,11521	0.15461828571666572
2452,5317,15107	0.15565537736183044
2782,1905,11521	0.16091580606802738
2862,11064,4306	0.15065734533694025
3106,15124,12470	0.15638633954547063
3106,15124,5317	0.17330051292303655
3427,11283,15124	0.1586708566835142
3427,15124,14367	0.15610936527075797
3427,15124,1905	0.16629910306150286
3427,6972,5317	0.15487235234459765
3624,1905,11521	0.16278173802398638
3624,2452,1905	0.16247560856246188
3624,6037,15107	0.15371447492549808
3860,1905,5317	0.17539760386014674
3860,4432,15107	0.15781494369925175
3938,14410,1905	0.15537423806043038
3938,14621,1905	0.16105741697539927
3938,3860,15107	0.15360201920493805
4432,12155,1905	0.1537769503258092
4432,1905,3962	0.15163820912182494
5496,1905,15107	0.15821270374789925
5496,3860,1905	0.15429757866173527
6037,14454,15107	0.15340209792394244
6037,3962,15107	0.15331463236350687
6287,11283,12470	0.15535966046702443
6287,11283,4656	0.15349997605109655
6287,14313,15205	0.1569569482016456
6287,15124,11521	0.1515236708879212
6287,15124,16879	0.15537007303374295
6287,15124,2452	0.1528356542944549
6287,15124,6037	0.15253577237296148
6287,15124,7624	0.16972067248520895
6287,16377,1905	0.15237541884549624
6287,16377,7617	0.15076355351746917
6287,1905,5317	0.18314038847203915
6287,5317,571	0.15307514332898087
6287,6037,5317	0.15417887540114414
6287,6386,5317	0.177057366995079
6692,15124,12470	0.15347082086428468
6971,1905,4306	0.15007424160070307
6972,13651,5317	0.15820229118118073
6972,14313,4996	0.17306935394188538
6972,14313,5317	0.20220163310696412
6972,14313,9340	0.1886632138595428
6972,15205,2152	0.15082811143112398
7234,12470,15205	0.159362251113624
7234,6972,14313	0.16880228410063539
8387,11283,1905	0.1510197026587448
8644,1905,15107	0.18348400317375033
8644,1905,6206	0.16952491623090074
8644,6206,15107	0.16525992890299446
