10042,1905,11521	0.15679867718752408
11064,1905,571	0.16204036327362767
11089,1905,3962	0.1731255818021654
11283,11064,15107	0.15241915162571404
11283,12470,6972	0.15564288228176823
11283,14550,8904	0.15338543781719283
11283,14621,5317	0.15007632411404676
11283,15124,16954	0.16284213091095381
11283,15124,3860	0.16084916564102886
11283,15124,3962	0.1559740019034172
11283,16377,5317	0.17996247310954644
11283,1905,6206	0.1681275497772752
11283,4432,15107	0.15528260747330738
11283,5317,14538	0.15215883745775102
11283,6037,2372	0.1516173839883879
11283,6037,6206	0.15037204100885276
11283,6971,5317	0.15149451570110936
11283,8644,1905	0.1654827578307708
1145,5317,11149	0.15530759763343183
12155,1905,5317	0.1501325519743268
12232,1905,15107	0.1520609593305969
12317,12470,13651	0.1606346667666273
12317,12470,16954	0.15356036893806396
12317,12470,4996	0.17669500967327448
12317,12470,5317	0.20344489357315557
12317,12470,9340	0.18511461112187078
12317,14313,2152	0.1582814266882415
12317,15124,12470	0.19957974880724047
12317,15124,5496	0.15501396325196953
12317,16384,15124	0.1535686989914388
12317,7234,5317	0.16648236423574883
12317,7234,9340	0.15574076040892232
12470,14313,7624	0.16066590446678286
12470,1905,15107	0.15419761802123746
12470,4996,14367	0.1713637755133916
12470,6972,13651	0.16124067814964524
12470,6972,16954	0.15201514403703542
12582,1905,15107	0.15519514191287181
12582,6037,1905	0.15407266722061522
12911,15124,14313	0.1605846864463784
12911,15205,5317	0.15325632198988315
12911,6287,5317	0.16482051858747285
13050,15124,5317	0.15912692710578544
13651,5317,9340	0.15262532044674076
13728,11283,12470	0.1509863824452455
13728,11283,6972	0.15189019323641317
13728,14410,1905	0.16353977288109472
13728,14691,11283	0.1659638184131665
13728,14691,14313	0.15079687373096842
13728,15124,11521	0.16145309451070308
13728,15124,14410	0.15282524172773637
13728,15124,2452	0.1639167077963052
13728,15124,6037	0.1561218603508202
13728,15124,7624	0.1595038620209959
13728,16377,1905	0.16243395829558777
13728,17157,2782	0.1545079125094494
13728,17157,4306	0.15027624539504236
13728,2452,2782	0.15398520166017965
13728,2452,4306	0.15491608512481544
13728,2782,1905	0.16873980870032423
13728,5317,15107	0.15205887681725322
14240,10042,11521	0.15120712885967816
14240,11283,2452	0.17005387462020163
14240,15124,11521	0.17649508839227887
14240,16954,11521	0.15697360830839524
14240,1905,11521	0.2036073296139645
14240,2452,2782	0.15248370953936888
14240,2452,4306	0.1606804820601888
14240,3938,11521	0.1624943511825552
14240,6206,11521	0.1544537671625131
14313,15205,1905	0.15723392247635826
14313,2152,5317	0.2029242652372295
14313,2152,9340	0.16642821888881254
14313,5317,4306	0.15751089675107094
14313,7624,5317	0.17110346134542856
14313,7624,9340	0.152454554352557
14550,2782,1905	0.1531792689961661
14691,11283,12918	0.151659034255262
14691,11283,14550	0.1526065778266474
14691,11283,2452	0.16539112724364782
14691,11283,571	0.15089266934477882
14691,11283,6037	0.15334795257700615
14691,15124,15107	0.16382299469583853
14691,15124,2452	0.17018715547419871
14691,15124,6037	0.15662582857999663
14691,15124,7624	0.1561114477841017
14691,16377,1905	0.1520567943039095
14691,1905,4306	0.16595548835979165
14691,6037,1905	0.16799426892327812
15124,10042,16954	0.1586292064166401
15124,12470,14367	0.19068949934296703
15124,12470,4996	0.1817097018049143
15124,12470,5317	0.22500098919383826
15124,12470,9340	0.19545220736001867
15124,12918,11521	0.15512017143249845
15124,12918,14410	0.15152575340126492
15124,12918,16879	0.15629054393166025
15124,14313,11521	0.15798154476674808
15124,14313,16879	0.1544058693556079
15124,14313,2152	0.17711984239539014
15124,14313,2782	0.15968712319524186
15124,14313,4306	0.16082834050759182
15124,14550,4306	0.156073962543915
15124,15205,13081	0.1515715686948264
15124,16377,14367	0.15378736289252773
15124,3860,2452	0.15157781623485753
15124,3860,6037	0.15310221600244903
15124,4996,5317	0.1950794374714956
15124,4996,9340	0.17074526905031143
15124,5317,11677	0.16766523181497286
15124,6037,1905	0.18068718775315554
15124,6972,11521	0.1519568336634117
15124,6972,4996	0.17909406504522177
15124,6972,5317	0.21421357007345024
15124,6972,9340	0.18456899262582024
15205,1905,5317	0.16913965126231548
15205,5317,11677	0.15502854084537546
15582,1145,11149	0.15328547717669502
15582,12317,6287	0.15299392530857642
15582,12470,14313	0.15638217451878322
15582,13050,5317	0.181211981115769
15582,15124,15205	0.15246704943261924
15582,15124,2152	0.1531771864828224
15582,15205,5317	0.1661179244006006
15582,1905,5317	0.16947285339730814
15582,6386,5317	0.15738178092376126
16242,12317,14367	0.19373205133811894
16242,12470,12672	0.15085726661793586
16242,12470,14367	0.20208501235971668
16242,12470,6972	0.2072829656656025
16242,12672,5317	0.1533354574969439
16242,14313,12672	0.15070940817053285
16242,14313,14367	0.19353004754377964
16242,14367,5317	0.2012478419955476
16242,14367,9340	0.18161390619110393
16242,15124,13651	0.1605784389063473
16242,15124,16954	0.16207368348712695
16242,15124,3860	0.15011172684088972
16242,16377,14367	0.1521463423776888
16242,16377,4996	0.15473490646391316
16242,16377,5317	0.1760598431034447
16242,16377,9340	0.15799612236015403
16242,3427,15124	0.1762160316042225
16242,4996,5317	0.2037426929813053
16242,4996,9340	0.18378596760858745
16242,5317,14712	0.1633731718135984
16242,6287,15124	0.1860621546932562
16242,6287,15205	0.15531176266011926
16242,6287,2152	0.1521984052112814
16242,7234,15205	0.16002657287026567
16377,12470,6972	0.16937497527015405
16377,14313,15205	0.16254849652949152
16377,1905,4306	0.16525992890299446
16377,6037,1905	0.15944555164737217
16377,7234,5317	0.15949344945427738
16384,11283,15124	0.15419137048120635
16384,12470,5317	0.15770873551872283
17157,11283,15124	0.15982248656258266
17157,1905,4306	0.15045534154260093
1905,15107,571	0.1657868047789516
1905,2372,15107	0.16523910376955742
1905,6206,5317	0.1654785928040834
2452,11521,4306	0.1747561897502858
2452,12155,11521	0.16647611669571774
2452,2782,11521	0.16591383809291757
2452,3962,15107	0.15203805168381618
3106,15124,1905	0.15199640141694207
3427,12470,6972	0.15081978137774918
3427,6287,15124	0.15973918602883447
3624,14454,1905	0.15049490929613132
3860,5317,15107	0.1578878316662814
3860,6037,2372	0.1519006058031317
3860,6037,6206	0.1511633960794604
3938,14621,3962	0.15942680902727885
3938,1905,5317	0.1675340334743195
3938,6037,15107	0.1605701088529725
4432,6037,11521	0.15090516442484106
4432,6037,2452	0.15339376787056763
6037,12155,1905	0.16990393365945491
6037,14410,15107	0.16116154264258448
6037,14454,1905	0.16296708171157606
6037,1905,5317	0.1728402774740779
6287,11283,16879	0.15914358721253508
6287,1145,14313	0.15623223355803653
6287,1145,14538	0.15967462811517966
6287,12470,4996	0.15247954451268148
6287,12470,5317	0.1987467434697588
6287,12470,9340	0.1629400090381079
6287,14313,14367	0.15620099585788097
6287,14313,2152	0.16772562470194027
6287,15124,12918	0.15957050244799442
6287,15124,14313	0.19079362501015226
6287,15124,14538	0.15812523818746368
6287,3106,15124	0.16202578568022175
6287,3938,5317	0.1509343196116529
6287,4996,5317	0.16995391397970383
6287,6037,15107	0.1521505074043762
6287,6037,1905	0.15839179989545782
6287,6386,7617	0.15789824423299992
6287,6972,5317	0.18188463292578547
6386,12470,6972	0.15090099939815366
6386,16377,5317	0.15491192009812804
6692,12911,5317	0.15026166780163644
6692,15124,5317	0.16826291314461597
6971,1905,15107	0.1574900716176339
6971,2452,1905	0.1533729427371306
6972,14313,14712	0.15046783662266316
6972,14313,1905	0.15453706769626127
7234,12470,14367	0.16090747601465255
7234,15205,5317	0.16265470471002044
7234,15205,9340	0.15502021079200065
7624,1905,11521	0.15296685263510826
7624,2152,5317	0.1609220536080585
8387,2452,11521	0.16657607733621554
8644,1905,4306	0.15427467101495454
8644,3860,6037	0.15393938636661814
8644,4432,15107	0.15753172188450798
8644,6037,1905	0.1768053828804908
9756,2152,5317	0.1543121562551412
