10042,1905,15107	0.15424551582814267
10947,1905,11521	0.1501950273746379
11064,15107,571	0.15149451570110936
11064,4306,571	0.15222756039809326
11089,3962,11521	0.15033039074197868
11283,12470,14313	0.1585688135296727
11283,12470,5317	0.17290275287438905
11283,14313,2152	0.15267738328033337
11283,14313,2782	0.1640541536769897
11283,14313,4306	0.15883537523766683
11283,14550,2782	0.16173839883879057
11283,14550,4306	0.17384404890574337
11283,14621,3962	0.15697777333508264
11283,15124,12470	0.17444589526207388
11283,15124,14312	0.15243164670577627
11283,15124,2862	0.1576545901717865
11283,16377,16954	0.15115506602608555
11283,16377,3860	0.15277526140748746
11283,17088,1905	0.15388107599299441
11283,1905,4656	0.15045742405594464
11283,2452,1905	0.1836547692679341
11283,2782,11521	0.15319384658957202
11283,2782,1905	0.17441882258860575
11283,2862,14550	0.15923313528631436
11283,3860,5317	0.16305246475866794
11283,4640,14550	0.15008257165407787
11283,8644,6037	0.1515653211547953
11521,4306,15107	0.15193600852997466
12155,1905,3962	0.15000968368704823
12317,11283,1905	0.150440763949195
12317,13728,15124	0.1556741199819238
12317,14313,14367	0.18539783293661455
12317,15124,12918	0.15080728629768694
12317,15124,14313	0.1987988063033514
12317,15124,2152	0.1576941579253169
12317,15205,14367	0.16659065492962147
12317,15205,4996	0.16467057762672616
12317,15205,5317	0.1795522179808367
12317,15205,9340	0.1688106141540102
12317,16377,12470	0.1639167077963052
12317,16954,5317	0.15331879739019427
12317,4996,14367	0.16444983121229348
12470,13651,5317	0.16883976934082204
12470,13651,9340	0.1525441024263363
12470,14313,12672	0.1515590736147642
12470,14313,14367	0.19354046011049816
12470,15205,14367	0.17747803469050727
12470,15205,2152	0.1632273958795391
12470,5317,15107	0.1516527867152309
12470,5317,9340	0.20792646228880712
12470,6972,1905	0.1542121956146434
12672,5317,9340	0.15114881848605444
12911,12470,14313	0.15515349164599773
13050,5317,14538	0.16551399553092636
13728,11283,14313	0.1683253885449271
13728,11283,14550	0.16304829973198054
13728,11283,5317	0.16735701984010462
13728,12470,1905	0.15012213940760824
13728,12918,1905	0.15147369056767232
13728,14691,15124	0.16961862933136745
13728,14691,1905	0.1714095908069531
13728,15124,15107	0.1634731324540962
13728,1905,6206	0.15123628404649003
13728,6287,11283	0.15551376645445855
13728,6287,1905	0.153581194071501
13728,6972,14313	0.15209219703075247
13728,8644,1905	0.15281066413433045
14240,15124,1905	0.16932291243656145
14240,1905,15107	0.1722863289246526
14240,1905,6206	0.15052614699628689
14240,3860,11521	0.1611219748890541
14240,4432,1905	0.15394355139330554
14240,8644,1905	0.15192559596325614
14313,4996,5317	0.18818215327714713
14313,4996,9340	0.17451045317572872
14410,1905,5317	0.16212158129403215
14454,1905,11521	0.16298582433166942
14691,11283,15124	0.1713637755133916
14691,15124,11064	0.15403101695374113
14691,15124,571	0.15335836514372467
14691,6037,2452	0.15806068027380885
15124,12470,13651	0.1655806359579249
15124,12470,16954	0.16345022480731544
15124,12470,3860	0.15221923034471843
15124,12918,15107	0.1566050034465596
15124,12918,6972	0.1605347061261295
15124,14313,15107	0.16047223072581837
15124,14313,571	0.15128626436673892
15124,14410,5317	0.15743592627069758
15124,15205,15107	0.15276484884076894
15124,15205,4996	0.1759682125163217
15124,15205,5317	0.20645829038149563
15124,15205,9340	0.18450651722550912
15124,16377,16954	0.158031525086997
15124,16954,5317	0.17210306775040662
15124,2152,5317	0.20069181093277855
15124,2152,9340	0.1600952958106079
15124,2452,2782	0.15041160876238316
15124,2452,4306	0.1588187151309172
15124,2782,4306	0.15255243247971112
15124,3860,14313	0.15458288298982276
15124,4656,5317	0.15524720474646442
15124,5317,7617	0.1610699120554615
15124,5496,12470	0.16262971454989597
15124,5496,1905	0.16347937999412732
15124,6037,11521	0.15797321471337328
15124,6037,14410	0.1511300758659611
15124,6037,2452	0.16073879243381253
15124,6972,15107	0.15642174227231362
15124,7624,5317	0.184648128132881
15124,7624,9340	0.1564113297055951
15205,16954,5317	0.15071982073725138
15582,13050,1145	0.15327506460997647
15582,5317,9340	0.1688106141540102
15582,6287,6972	0.15605521992382165
15582,7234,5317	0.15089891688480994
16242,12317,13651	0.1610220142485563
16242,12317,16954	0.15711938424245453
16242,12317,2152	0.16005156303039011
16242,12470,13651	0.16697383738486304
16242,12470,16954	0.15782119123928287
16242,12470,4996	0.19582497724854173
16242,12470,5317	0.2234016189458734
16242,12470,9340	0.20186010091859663
16242,12911,12470	0.1599516023898923
16242,14313,13651	0.15893325336482095
16242,14313,16954	0.1527940040275808
16242,14313,2152	0.1666552128432763
16242,15124,12470	0.21503824535755714
16242,15124,5496	0.16297332925160718
16242,16384,15124	0.15490567255809692
16242,3427,5317	0.15913109213247284
16242,5317,11677	0.16821918036439817
16242,6692,5317	0.16078877275406142
16242,6972,2152	0.1601910914244183
16242,7624,5317	0.1638583974226815
16377,12470,5317	0.1825822748959264
16377,12470,9340	0.16288169866448418
16377,14313,2152	0.1599432723365175
16377,14313,2782	0.15305015316885642
16377,14313,4306	0.1586646091434831
16377,14550,1905	0.15550543640108375
16377,2152,5317	0.17918153060565736
16377,2782,4306	0.15214217735100138
16377,5317,4306	0.1657743096988894
16377,6037,15107	0.15331254985016315
16384,11283,1905	0.1527960865409245
16384,15124,16954	0.15486193977787913
16954,2452,1905	0.16478303334728617
16954,2782,1905	0.15132999714695672
1905,11521,15107	0.18884439252044508
1905,4306,15107	0.17497277113803106
1962,11283,1905	0.1515757337215138
1962,3860,5317	0.15497439549843917
2452,12155,15107	0.15003259133382899
2452,1905,5317	0.17326719270953728
2452,7624,1905	0.15427883604164194
2782,1905,4306	0.158770817324012
2862,14550,1905	0.15187145061631982
2862,1905,11521	0.1525420199129926
2862,4306,571	0.1512258714797715
3106,2152,5317	0.15977667126902115
3427,12470,5317	0.16329820133322503
3427,15124,16377	0.15580323580923344
3427,15124,5496	0.15655085809962327
3427,6287,5317	0.15090932945152846
3860,6206,15107	0.1590582041654432
3938,11283,14621	0.1504824142160691
3938,11283,15107	0.15244414178583848
3938,11283,1905	0.17086813733759
3938,1905,3962	0.17139084818685976
4432,11521,15107	0.15409349235405226
4432,14313,1905	0.15325632198988315
4432,1905,11521	0.16885642944757168
4432,1905,2372	0.15530759763343183
4432,1905,6206	0.15681533729427372
4432,6037,15107	0.1728236173673283
4432,6037,2372	0.15732971809016866
4996,14367,5317	0.1754288415603023
4996,14367,9340	0.1586250413899527
5496,12470,15205	0.15016795470116975
5496,12470,5317	0.1504928267827876
6037,14313,5317	0.1518652030762887
6037,15205,1905	0.16968110473167858
6037,16954,1905	0.15545753859417855
6037,1905,3962	0.16448315142579276
6037,2452,11521	0.18599134923957025
6037,2452,14410	0.15478280427081836
6037,2452,2372	0.15317302145613498
6037,2452,6206	0.1511196632992426
6134,6037,1905	0.15138830752058044
6206,11521,15107	0.15216925002446954
6287,11283,15107	0.15914150469919136
6287,11283,1905	0.17365454019146628
6287,11283,7617	0.16393545041639854
6287,1145,11149	0.15018253229457568
6287,1145,2152	0.16071796730037546
6287,12470,14313	0.1764638506921233
6287,13050,5317	0.18051225663228437
6287,15124,15205	0.17027462103463428
6287,15124,2152	0.17134086786661085
6287,15124,4306	0.1598932920162686
6287,15205,5317	0.17715941014892053
6287,16954,5317	0.15143828784082933
6287,2152,5317	0.20240988444133456
6287,4656,5317	0.15908319432556764
6287,5317,16879	0.16159262290473125
6287,5317,7617	0.1923430149378682
6287,7624,5317	0.17060990568297066
6386,12470,5317	0.16948118345068297
6386,5317,7617	0.15380402299927737
6972,14313,11677	0.1563113690650973
6972,14313,15205	0.18261351259608197
6972,14313,7624	0.15205054676387839
6972,15205,4996	0.17454585590257168
6972,15205,5317	0.19366957593780781
6972,15205,9340	0.18116616582220751
6972,16954,5317	0.15357911155815732
6972,2452,1905	0.15144037035417304
6972,4996,14367	0.1614655895907653
7624,1905,15107	0.16086374323443478
8387,2452,15107	0.1564154947322825
8644,3860,6206	0.1504844967294128
8644,6037,2452	0.15358952412487584
9756,14313,5317	0.1522900357984044
