10359,6287,5317	0.1546037081232598
11089,1905,15107	0.16042433291891317
11089,2452,3962	0.1524378942458074
11283,11089,3962	0.15831891192842817
11283,11521,4306	0.1587208370037631
11283,12918,5317	0.15330838482347575
11283,14313,1905	0.1703745816751321
11283,14410,15107	0.157792036052471
11283,14410,4306	0.15261699039336596
11283,14550,15107	0.1603368673584776
11283,14550,1905	0.17355041452428108
11283,14621,4306	0.15636967943872102
11283,15124,15205	0.16419992961104898
11283,16377,14313	0.17060365814293954
11283,16377,14550	0.16958530911786818
11283,16377,2152	0.1530855558956994
11283,16377,2782	0.166805153804023
11283,16377,4306	0.17814443896049265
11283,1905,11521	0.1812557138959868
11283,1905,16879	0.1611677901826156
11283,1905,3962	0.17276530699370457
11283,3962,15107	0.15398311914683593
11283,4306,8904	0.1549889730918451
11283,5317,9340	0.16069714216693842
11283,6037,15107	0.1721343054505622
11283,6971,15107	0.1527461062206756
11283,6971,4306	0.1546037081232598
11283,6972,1905	0.1567049640870574
11283,8644,15107	0.1606346667666273
12155,1905,15107	0.16916880644912732
12317,12470,11677	0.15875415721726238
12317,12470,15205	0.18324034911253695
12317,12470,2152	0.16227776979480996
12317,14313,7624	0.1527940040275808
12317,15124,1905	0.1677402022953462
12317,1905,15107	0.15093640212499662
12317,2152,5317	0.1700413795401394
12317,6972,13651	0.15393522133993073
12317,7624,5317	0.1543579715487027
12470,12672,5317	0.1556324697150497
12470,14313,4996	0.18093917186774375
12470,14313,5317	0.21810787002617718
12470,14313,9340	0.20239322433458493
12470,15205,1905	0.1520088964970043
12470,2452,11521	0.1506261076367847
12470,6972,11677	0.15748174156425906
12470,6972,15205	0.19192859478247107
12911,4996,5317	0.15036371095547796
12911,6972,5317	0.15916441234597212
12918,1905,5317	0.15417887540114414
13728,11064,1905	0.15613435543088242
13728,11283,2862	0.15657793077309143
13728,15124,16954	0.15339168535722392
13728,15124,5317	0.1729277430345135
13728,15124,9340	0.15006591154732823
13728,1905,5317	0.1674903006941017
13728,1905,571	0.15618017072444393
13728,2452,15107	0.16231733754834035
13728,2862,4306	0.154503747482762
13728,3624,1905	0.15529510255336962
13728,4432,1905	0.15833765454852153
14240,12155,1905	0.15550960142777115
14240,14313,11521	0.15168610692873014
14240,14454,1905	0.1509384846383403
14240,14691,1905	0.16291918390467086
14240,15205,11521	0.15614893302428837
14240,1905,5317	0.15460162560991608
14240,3624,1905	0.15266280568692744
14240,3938,2452	0.16007863570385827
14313,5317,11677	0.16912299115556584
14367,5317,11677	0.15297726520182678
14410,1905,15107	0.17687618833417676
14550,1905,5317	0.15177982002919685
14621,1905,11521	0.155630387201706
14621,1905,5317	0.1519526686367243
14691,11064,1905	0.1550514484921562
14691,11283,16377	0.15287730456132897
14691,11283,5317	0.15243997675915108
14691,12918,1905	0.15579490575585864
14691,15124,12470	0.15422052566801822
14691,15124,5317	0.16546401521067747
14691,2452,15107	0.16507875024209218
14691,2452,4306	0.15847093540251858
14691,2782,1905	0.15580115329588975
15124,12470,14313	0.21015891659325808
15124,12470,14712	0.1560760450572587
15124,12470,2152	0.17901701205150472
15124,12470,4306	0.15870625941035718
15124,14313,13651	0.1623860604886826
15124,14313,16954	0.16340649202709767
15124,14313,2452	0.15853757582951714
15124,14313,7624	0.17506648423849777
15124,15205,16954	0.15682366734764852
15124,16377,14313	0.18535410015639675
15124,16377,14550	0.15148618564773453
15124,1905,15107	0.18725126981251133
15124,2452,1905	0.18778855825518703
15124,2782,1905	0.16473097051369356
15124,3860,5317	0.1728798452276083
15124,4432,14313	0.1525961652599289
15124,4996,14367	0.16433737549173347
15124,4996,2152	0.15050115683616241
15124,5317,11521	0.1661158418872569
15124,5317,16879	0.16404998865030226
15124,5496,15205	0.17785288709237404
15124,6037,6972	0.15080936881103066
15124,6972,13651	0.15931643582006252
15124,6972,16954	0.16007863570385827
15124,6972,2152	0.1641103815372697
15124,6972,4306	0.15860838128320306
15205,1905,15107	0.16997265659979716
15205,1905,4306	0.15154866104804565
15205,4996,14367	0.15883537523766683
15205,4996,5317	0.18436907134482464
15205,4996,9340	0.16988102601267419
15205,5317,13081	0.15128626436673892
15582,1145,5317	0.19178698387509918
15582,5317,15107	0.15105718789893147
15582,6287,1145	0.18379429766196226
15582,6287,12470	0.17183858855575618
15582,6287,3860	0.1500430039005475
15582,6287,6386	0.15552209650783339
15582,6972,5317	0.1626942724635508
16242,12317,14313	0.2036031645872771
16242,12317,14712	0.15248162702602516
16242,12317,1905	0.15339168535722392
16242,12470,14313	0.21232056544402308
16242,12470,14712	0.16100327162846295
16242,12911,15124	0.1619008348795995
16242,14313,14712	0.154447519622482
16242,14313,1905	0.15699859846851968
16242,14367,2152	0.1533333749836002
16242,15124,11677	0.162742170270456
16242,15124,15205	0.19688497654048717
16242,16377,14313	0.16963737195146078
16242,4996,2152	0.15674453184058776
16242,6692,14313	0.15154449602135825
16242,6972,14367	0.185479050957019
16242,6972,1905	0.15354787385800175
16242,9340,11677	0.1552367921797459
16377,12470,14367	0.15477863924413096
16377,14313,1905	0.1590644517054743
16377,1905,11521	0.1582772616615541
16377,2782,1905	0.15408099727399002
16377,5317,15107	0.15031373063522904
16377,7624,5317	0.15404351203380337
16384,15124,14313	0.15646131002584399
16384,15124,1905	0.1522046527513125
17157,11283,5317	0.15315636134938534
17157,15124,14313	0.15104885784555663
1905,13081,15107	0.15088850431809142
1905,14538,15107	0.15099054747193294
1905,3962,11521	0.17218428577081107
1905,3962,6206	0.15746716397085314
1905,4996,5317	0.15251702975286816
1905,5317,14538	0.1574505038641035
1905,6206,4306	0.15467243106360204
1962,15124,1905	0.15052822950963057
1962,1905,15107	0.16021608158454276
2152,5317,14538	0.16502043986846845
2152,5317,9340	0.1797375616684264
2452,11521,15107	0.19265747445276757
2452,14410,11521	0.17895245413784988
2452,1905,15107	0.19245963568511565
2452,5317,11521	0.1750456591050607
2452,6206,15107	0.15836056219530226
2862,1905,4306	0.1632315609062265
3106,14313,5317	0.16061175911984657
3624,11283,1905	0.1539185612331811
3624,8644,1905	0.15051781694291205
3860,12155,1905	0.1597079483286789
3860,14454,1905	0.15434964149532787
3860,2452,15107	0.1585292457761423
3860,2452,1905	0.17436675975501312
3860,4432,6037	0.1542101131012997
3938,15124,1905	0.17027462103463428
3938,1905,15107	0.17590157208932317
3938,1905,4306	0.15679451216083667
3938,6037,1905	0.1720947376970318
4432,14410,1905	0.15434755898198418
4432,1905,5317	0.1648850765011277
4432,5317,15107	0.152454554352557
4996,5317,9340	0.18513543625530782
5317,4306,15107	0.1521546724310636
5496,14313,15205	0.15197974131019246
5496,1905,11521	0.1553325877935563
6037,15205,2372	0.15267113574030225
6037,1905,4306	0.16849615463911086
6287,11283,6206	0.1535686989914388
6287,1145,7617	0.1554325484340541
6287,12470,2152	0.1645018940458861
6287,14313,14538	0.15212759975759543
6287,14313,7624	0.15280441659429933
6287,15124,16377	0.16810255961715076
6287,15124,1905	0.1793543792131848
6287,15124,7617	0.16407706132377042
6287,16377,14313	0.16555148077111304
6287,1905,15107	0.16718000620588977
6287,1962,5317	0.1515632386414516
6287,2452,1905	0.15907486427219283
6287,3860,5317	0.166122089427288
6287,6206,15107	0.1500992317608275
6386,15124,12470	0.1516652817952931
6971,2452,11521	0.15444960213582568
6972,1905,15107	0.155686615061986
6972,5317,9340	0.19378619668505526
7234,12470,14313	0.18134317945642237
7234,14313,4996	0.15972460843542854
7234,14313,5317	0.199773422548205
7234,14313,9340	0.17991874032932867
8387,2452,1905	0.16400000833005338
8387,6037,15107	0.16057219136631617
8644,1905,11521	0.16525159884961962
8644,6037,15107	0.17350668174406328
