10947,1905,15107	0.15508268619231177
10947,2452,1905	0.1518110577293524
11064,1905,4306	0.1535332962645958
11064,6037,1905	0.15358327658484472
11089,14621,3962	0.1643019727648905
11089,1905,11521	0.15997867506336047
11089,1905,4306	0.15083227645781142
11089,3962,15107	0.15075522346409434
11283,11089,14621	0.1516132189617005
11283,11521,15107	0.16109281970224223
11283,14410,11521	0.1518089752160087
11283,15124,12918	0.172142635503937
11283,15124,14313	0.17834019521480085
11283,15124,14550	0.16408539137714526
11283,15124,2152	0.15921647517956472
11283,15124,2782	0.16784849298921883
11283,15124,4306	0.17717190522898277
11283,15205,5317	0.15928103309321953
11283,16377,12470	0.1545433152362924
11283,16377,2862	0.15418928796786266
11283,16954,5317	0.15305015316885642
11283,1905,5317	0.1844357117718232
11283,2782,15107	0.15904154405869356
11283,3962,5317	0.15257325761314816
11283,4432,1905	0.16395627554983558
11283,6037,11521	0.15417679288780042
11283,6037,5317	0.15675077938061888
11283,7624,4306	0.15545337356749114
1145,12470,5317	0.1590061413318506
1145,2152,5317	0.1681733650708367
1145,5317,7617	0.15422677320804934
12155,1905,11521	0.1645039765592298
12317,12470,14313	0.19952976848699158
12317,14313,13651	0.15663415863337143
12317,14313,16954	0.15192767847659983
12317,14313,1905	0.15236500627877772
12317,15124,11677	0.15580531832257716
12317,15124,15205	0.1796396835412723
12317,16377,14313	0.16622621509447322
12317,4996,5317	0.17976879936858195
12317,4996,9340	0.16316283796588427
12317,6972,14367	0.1759744600563528
12317,6972,4996	0.1705703379294403
12317,6972,5317	0.1903333895611936
12317,6972,9340	0.1733171730297862
12317,7234,14367	0.15500146817190733
12470,14313,13651	0.16338358438031692
12470,14313,16954	0.1537665377590907
12470,1905,5317	0.17243626988539928
12470,6972,14313	0.19843853149489055
12470,6972,14712	0.15647380510590622
12470,6972,7624	0.15392897379989962
12918,2452,1905	0.15742759621732277
13050,1905,5317	0.15478696929750577
13728,10042,1905	0.15163196158179384
13728,11283,15124	0.17857968424932683
13728,14313,5317	0.16533906441005522
13728,14691,2452	0.16397293565658522
13728,14691,6037	0.15195058612338058
13728,15124,11064	0.15074481089737582
13728,15124,6972	0.16406040121702078
13728,15205,1905	0.15623848109806765
13728,16954,1905	0.16037018757197688
13728,17157,1905	0.15530551512008814
13728,2452,11521	0.17982294471551827
13728,2452,14410	0.15270445595380153
13728,2452,1905	0.17779874174543772
13728,4306,15107	0.1565237854261551
13728,6287,15124	0.15521180201962145
14240,14410,1905	0.1599932526567664
14240,14454,11521	0.15476197913738132
14240,15124,2452	0.17392526692614782
14240,2452,12155	0.15570327516873564
14240,2452,1905	0.20059809783231186
14240,3938,1905	0.15946845929415293
14240,4432,2452	0.15339585038391135
14240,8644,2452	0.1534729033776284
14313,12672,5317	0.16745698048060242
14313,12672,9340	0.15104885784555663
14313,14367,5317	0.1960082384227877
14313,14367,9340	0.1815035329838876
14313,15205,14367	0.17065155594984474
14313,2452,11521	0.1655785534445812
14313,2782,1905	0.15618225323778762
14313,5317,14538	0.16073670992046882
14313,5317,14712	0.15967462811517966
14313,5317,7617	0.15448083983598124
14410,1905,11521	0.17567249562151568
14410,1905,3962	0.15958091501471294
14454,1905,15107	0.16660106749634
14550,2452,1905	0.1600369854369842
14550,6037,15107	0.1509863824452455
14621,2452,1905	0.15826684909483557
14691,10042,1905	0.15071773822390766
14691,14410,1905	0.16537446713689818
14691,15124,6972	0.1579273994198118
14691,16954,1905	0.15549502383436523
14691,2452,11521	0.18779688830856184
14691,2452,14410	0.15869584684363866
14691,4306,15107	0.15477239170409984
15124,11064,5317	0.15511600640581105
15124,11089,3962	0.15280441659429933
15124,11521,15107	0.1633315215467243
15124,11521,4306	0.15486402229122284
15124,12918,5317	0.17697406646133085
15124,12918,571	0.15140705014067377
15124,14313,12672	0.15090516442484106
15124,14313,14367	0.18999393988616983
15124,14313,1905	0.18238443612827449
15124,14367,2152	0.15268363082036449
15124,14550,1905	0.1606325842532836
15124,15205,14367	0.17014342269398092
15124,16377,12470	0.17708235715520348
15124,16377,2152	0.15636967943872102
15124,16377,2782	0.15186936810297613
15124,16377,4306	0.16716959363917125
15124,1905,11521	0.1870950813117335
15124,1905,16879	0.15630303901172246
15124,1905,2372	0.1513154195535508
15124,1905,6206	0.16158012782466905
15124,3860,15205	0.1531355362159483
15124,5496,14313	0.16461851479313352
15124,6037,15107	0.17070778381012477
15124,6037,2372	0.1525378548863052
15124,6972,14367	0.17981461466214343
15124,8644,15107	0.1538227656193707
15124,8644,1905	0.16045348810572505
15124,9340,11677	0.1509280720716218
15205,1905,11521	0.16487258142106545
15205,1905,13081	0.15238166638552736
15582,11283,1905	0.1518089752160087
15582,14313,14538	0.15302516300873198
15582,15124,1905	0.15521388453296514
15582,16242,5317	0.17159909952123018
15582,1905,15107	0.15522637961302738
15582,3860,1905	0.15193392601663094
15582,6206,5317	0.15189019323641317
15582,6287,5317	0.22407843578257727
15582,6287,9340	0.15821478626124297
16242,12317,12470	0.21069204000924635
16242,12317,6287	0.16848990709907974
16242,12911,14313	0.15402893444039742
16242,13728,15124	0.15843969770236302
16242,15124,12918	0.1544954174293872
16242,15124,14313	0.20770779838771816
16242,15124,14712	0.15616142810435057
16242,15124,2152	0.16756318866113135
16242,15124,4306	0.15192143093656874
16242,15205,14367	0.17948974258052558
16242,15205,4996	0.1841587374971105
16242,15205,5317	0.20042941425147182
16242,15205,9340	0.18730125013276022
16242,16377,12470	0.17179069074885098
16242,16954,5317	0.15856256598964158
16242,6386,12470	0.15371030989881068
16242,6692,12470	0.15449333491604347
16377,15205,5317	0.1684711644789864
16377,15205,9340	0.1538144355659959
16377,16954,5317	0.15491816763815913
16377,4996,5317	0.1580440201670592
16377,6972,5317	0.17495194600459402
16377,6972,9340	0.15845635780911266
16384,15124,12470	0.15735262573694941
16384,6972,5317	0.15174441730235386
17157,11283,16377	0.16315242539916575
17157,2452,11521	0.15256909258646076
17169,15205,5317	0.15545545608083483
1905,2152,5317	0.17242585731868076
1905,5317,4306	0.1654411075638967
1905,5317,571	0.1546057906366035
2452,1905,11521	0.22080264229293048
2452,1905,3962	0.17354624949759365
2452,6206,11521	0.16869399340676275
2862,11064,571	0.1530439056288253
2862,1905,15107	0.15822103380127409
3106,11283,15124	0.1525920002332415
3106,11283,5317	0.1524982871327748
3427,15124,2152	0.15800445241352884
3427,15205,5317	0.15233376857862216
3860,11089,1905	0.15056154972312985
3860,14313,5317	0.1580815054072459
3860,14410,1905	0.16073879243381253
3860,15205,1905	0.1657763922122331
3860,1905,2372	0.151327914633613
3860,1905,6206	0.16819627271761745
3860,2452,11521	0.17362330249131072
3860,4432,1905	0.1698414582591438
3860,6037,5317	0.1501325519743268
3938,11089,14621	0.15182355280941462
3938,11089,3962	0.15938515876040477
3938,1905,11521	0.1711680192590834
3938,3860,1905	0.17035583905503873
4432,1905,15107	0.183261174245974
4432,2452,1905	0.16913548623562805
4432,6206,15107	0.15179231510925906
457,14454,1905	0.16621372001441098
4996,5317,11677	0.15363742193178104
5317,14538,11149	0.15348331594434692
5496,15205,5317	0.16236523535524555
5496,1905,5317	0.1500409213872038
6037,12155,2372	0.157587949744788
6037,15107,571	0.1515632386414516
6037,2452,15107	0.17436259472832571
6037,7624,1905	0.1528273242410801
6287,11283,7624	0.15885620037110387
6287,12470,15205	0.16044307553900652
6287,13050,1145	0.15130292447348856
6287,14313,1905	0.15780453113253323
6287,14313,7617	0.15775455081228432
6287,16377,12470	0.15481820699766133
6287,16377,2152	0.15457663544979164
6287,16377,4306	0.1542184431546745
6287,1905,11521	0.15733596563019978
6287,1905,6206	0.15747132899754054
6287,5317,15107	0.16294209155145162
6386,15205,5317	0.1504844967294128
6692,12470,5317	0.15673411927386924
6972,1905,11521	0.15116547859280408
6972,1905,5317	0.16544735510392783
7234,14313,12672	0.1566174985266218
7234,14313,14367	0.16776310994212695
7234,5317,9340	0.17250291031239784
8387,11521,15107	0.15114465345936703
8387,14240,11521	0.15349164599772172
8387,8644,1905	0.15223589045146807
8644,6037,2372	0.15260449531330372
8644,6037,6206	0.15758170220475687
