[15124, 2452, 11521] -> 11283	0.7852927825692239
[11283, 2452, 11521] -> 15124	0.8108651013302385
[11283, 15124, 11521] -> 2452	0.9119204799317252
[11283, 15124, 2452] -> 11521	0.8956106940797989
[12470, 14313, 14367] -> 12317	0.8182727898769045
[12317, 14313, 14367] -> 12470	0.8542111293330038
[12317, 12470, 14367] -> 14313	0.8380111739231049
[12317, 12470, 14313] -> 14367	0.7937105999248528
[15124, 6972, 5317] -> 12317	0.7269961016108806
[12317, 6972, 5317] -> 15124	0.8182086743402338
[12317, 15124, 5317] -> 6972	0.769692353613224
[12317, 15124, 6972] -> 5317	0.8134824371512178
[14313, 14367, 5317] -> 12470	0.8365614474984329
[12470, 14367, 5317] -> 14313	0.8228102075365226
[12470, 14313, 5317] -> 14367	0.7517974277448369
[12470, 14313, 14367] -> 5317	0.8472282000516485
[14313, 14367, 9340] -> 12470	0.8552136399100463
[12470, 14367, 9340] -> 14313	0.8598108201638021
[12470, 14313, 9340] -> 14367	0.7669441386193626
[12470, 14313, 14367] -> 9340	0.8020250494964276
[14313, 4996, 5317] -> 12470	0.8418157874351228
[12470, 4996, 5317] -> 14313	0.8110306739308903
[12470, 14313, 5317] -> 4996	0.7263135783372958
[12470, 14313, 4996] -> 5317	0.875513609944179
[15205, 5317, 9340] -> 12470	0.830312179867364
[12470, 5317, 9340] -> 15205	0.7711930611754336
[12470, 15205, 9340] -> 5317	0.8525416034633568
[12470, 15205, 5317] -> 9340	0.789838645152687
[4996, 14367, 5317] -> 12470	0.8586521682356154
[12470, 14367, 5317] -> 4996	0.7558676615043786
[12470, 4996, 5317] -> 14367	0.7711876152804581
[12470, 4996, 14367] -> 5317	0.8790209875192923
[6972, 15205, 5317] -> 12470	0.8374588700832276
[12470, 15205, 5317] -> 6972	0.7988962630914892
[12470, 6972, 5317] -> 15205	0.7737980506512733
[12470, 6972, 15205] -> 5317	0.8450554458453593
[6972, 15205, 9340] -> 12470	0.8505759017863301
[12470, 15205, 9340] -> 6972	0.819280977003222
[12470, 6972, 9340] -> 15205	0.8094139009823011
[12470, 6972, 15205] -> 9340	0.8028797118118097
[15124, 2452, 11521] -> 14240	0.8674534725374489
[14240, 2452, 11521] -> 15124	0.7601359990150489
[14240, 15124, 11521] -> 2452	0.9470330733560666
[14240, 15124, 2452] -> 11521	0.961025898918783
[15124, 2452, 1905] -> 14240	0.83073835030053
[14240, 2452, 1905] -> 15124	0.7776901116013496
[14240, 15124, 1905] -> 2452	0.9213351863923155
[14240, 15124, 2452] -> 1905	0.8969551109354982
[2452, 1905, 15107] -> 14240	0.8392287133319628
[14240, 1905, 15107] -> 2452	0.9374954671824006
[14240, 2452, 15107] -> 1905	0.9190326097260405
[14240, 2452, 1905] -> 15107	0.8051803789255126
[11283, 2452, 11521] -> 14691	0.8065686099455406
[14691, 2452, 11521] -> 11283	0.8014704251591297
[14691, 11283, 11521] -> 2452	0.9331345056420585
[14691, 11283, 2452] -> 11521	0.9100467142623301
[6037, 1905, 15107] -> 15124	0.7656888851613445
[15124, 1905, 15107] -> 6037	0.8122692290582321
[15124, 6037, 15107] -> 1905	0.8909871663494852
[15124, 6037, 1905] -> 15107	0.8417776958185422
[12317, 15124, 14367] -> 16242	0.8531824222150941
[16242, 15124, 14367] -> 12317	0.8018777522960474
[16242, 12317, 14367] -> 15124	0.8005761706152986
[16242, 12317, 15124] -> 14367	0.7562627565267721
[12317, 15205, 5317] -> 16242	0.862118558554379
[16242, 15205, 5317] -> 12317	0.7723182743859358
[16242, 12317, 5317] -> 15205	0.7466850162735565
[16242, 12317, 15205] -> 5317	0.827628824655948
[12470, 5317, 9340] -> 16242	0.8305156043427747
[16242, 5317, 9340] -> 12470	0.8416170186852335
[16242, 12470, 9340] -> 5317	0.8554745127977634
[16242, 12470, 5317] -> 9340	0.7729853181076672
[12470, 6972, 14367] -> 16242	0.8737648583178412
[16242, 6972, 14367] -> 12470	0.8707236288104194
[16242, 12470, 14367] -> 6972	0.7991735281690867
[16242, 12470, 6972] -> 14367	0.7791329683026071
[15124, 12470, 6972] -> 16242	0.8207829790702887
[16242, 12470, 6972] -> 15124	0.8092630732908022
[16242, 15124, 6972] -> 12470	0.8216788566881904
[16242, 15124, 12470] -> 6972	0.7800772813992
[15124, 14367, 5317] -> 16242	0.8168982943777638
[16242, 14367, 5317] -> 15124	0.8028912321367592
[16242, 15124, 5317] -> 14367	0.7217581395348838
[16242, 15124, 14367] -> 5317	0.8353952001033625
[15205, 14367, 5317] -> 16242	0.864901448587034
[16242, 14367, 5317] -> 15205	0.7537692602212402
[16242, 15205, 5317] -> 14367	0.7568471800839534
[16242, 15205, 14367] -> 5317	0.8451426516144752
[4996, 14367, 5317] -> 16242	0.8923538978382933
[16242, 14367, 5317] -> 4996	0.7778697600298021
[16242, 4996, 5317] -> 14367	0.7683446619308018
[16242, 4996, 14367] -> 5317	0.8691997271139992
[4996, 5317, 9340] -> 16242	0.8662767154105736
[16242, 5317, 9340] -> 4996	0.7816334608787439
[16242, 4996, 9340] -> 5317	0.8726374473099759
[16242, 4996, 5317] -> 9340	0.7871620585679971
[15124, 12470, 5317] -> 3427	0.6835796858658127
[3427, 12470, 5317] -> 15124	0.9418726247863903
[3427, 15124, 5317] -> 12470	0.789506878895101
[3427, 15124, 12470] -> 5317	0.8567583870818061
