[15124, 12470, 14367] -> 12317	0.7954940098507104
[12317, 12470, 14367] -> 15124	0.8026821823310963
[12317, 15124, 14367] -> 12470	0.8344521834761489
[12317, 15124, 12470] -> 14367	0.7600588505363329
[15124, 14313, 5317] -> 12317	0.7144810762862213
[12317, 14313, 5317] -> 15124	0.8066010181089879
[12317, 15124, 5317] -> 14313	0.7958664841442202
[12317, 15124, 14313] -> 5317	0.8100061805344592
[6972, 14313, 15205] -> 12470	0.8485100753800362
[12470, 14313, 15205] -> 6972	0.8068993937816529
[12470, 6972, 15205] -> 14313	0.8073283999913196
[12470, 6972, 14313] -> 15205	0.7808433380908404
[2452, 1905, 11521] -> 14240	0.873154951097362
[14240, 1905, 11521] -> 2452	0.9468957758003478
[14240, 2452, 11521] -> 1905	0.8767769369915426
[14240, 2452, 1905] -> 11521	0.9611004412146379
[3860, 2452, 11521] -> 14240	0.8823825744854387
[14240, 2452, 11521] -> 3860	0.6967203023042172
[14240, 3860, 11521] -> 2452	0.9508459460507437
[14240, 3860, 2452] -> 11521	0.9660162302702419
[15124, 2452, 11521] -> 14691	0.7990078464431619
[14691, 2452, 11521] -> 15124	0.819811927521125
[14691, 15124, 11521] -> 2452	0.9210959108918293
[14691, 15124, 2452] -> 11521	0.9046401213871418
[12470, 2152, 5317] -> 15124	0.8056938000843527
[15124, 2152, 5317] -> 12470	0.7929023555048251
[15124, 12470, 5317] -> 2152	0.7072369334431661
[15124, 12470, 2152] -> 5317	0.888904399618436
[14313, 5317, 9340] -> 15124	0.7883100732347658
[15124, 5317, 9340] -> 14313	0.7991315310267545
[15124, 14313, 9340] -> 5317	0.8312431701097985
[15124, 14313, 5317] -> 9340	0.7380063571850976
[6972, 14313, 5317] -> 15124	0.8099902157680622
[15124, 14313, 5317] -> 6972	0.7266964813719692
[15124, 6972, 5317] -> 14313	0.7645703508550207
[15124, 6972, 14313] -> 5317	0.8206738946687397
[6972, 14313, 9340] -> 15124	0.7995341854868977
[15124, 14313, 9340] -> 6972	0.7538429515533123
[15124, 6972, 9340] -> 14313	0.8172699372658754
[15124, 6972, 14313] -> 9340	0.7558410117811565
[6287, 2152, 5317] -> 15582	0.8061834456504964
[15582, 2152, 5317] -> 6287	0.8729320544099463
[15582, 6287, 5317] -> 2152	0.7282249070631971
[15582, 6287, 2152] -> 5317	0.9027304147465439
[6287, 5317, 7617] -> 15582	0.8000346466582215
[15582, 5317, 7617] -> 6287	0.9005508701798859
[15582, 6287, 7617] -> 5317	0.8634563025111888
[15582, 6287, 5317] -> 7617	0.6867286245353159
[12317, 12470, 4996] -> 16242	0.9063255035534551
[16242, 12470, 4996] -> 12317	0.8177873725181586
[16242, 12317, 4996] -> 12470	0.8538166879475935
[16242, 12317, 12470] -> 4996	0.7600818408255249
[12317, 12470, 5317] -> 16242	0.8626090160913892
[16242, 12470, 5317] -> 12317	0.7855511535772547
[16242, 12317, 5317] -> 12470	0.8465262988708964
[16242, 12317, 12470] -> 5317	0.83293796702645
[12317, 12470, 9340] -> 16242	0.8797727528405894
[16242, 12470, 9340] -> 12317	0.8067903972929198
[16242, 12317, 9340] -> 12470	0.8687774259845582
[16242, 12317, 12470] -> 9340	0.7729707824299213
[12470, 15205, 4996] -> 16242	0.8847693503190712
[16242, 15205, 4996] -> 12470	0.849781185330936
[16242, 12470, 4996] -> 15205	0.7991556155817638
[16242, 12470, 15205] -> 4996	0.7807967249906488
[12470, 15205, 5317] -> 16242	0.8314441925590078
[16242, 15205, 5317] -> 12470	0.842182369810066
[16242, 12470, 5317] -> 15205	0.7555814495455604
[16242, 12470, 15205] -> 5317	0.842182369810066
[12470, 15205, 9340] -> 16242	0.8533941561389329
[16242, 15205, 9340] -> 12470	0.856971314209473
[16242, 12470, 9340] -> 15205	0.7951635699621381
[16242, 12470, 15205] -> 9340	0.8008395328539961
[12470, 4996, 14367] -> 16242	0.9096819667748246
[16242, 4996, 14367] -> 12470	0.8655458298162644
[16242, 12470, 14367] -> 4996	0.7713908840775359
[16242, 12470, 4996] -> 14367	0.7960503227590313
[15124, 14313, 15205] -> 16242	0.802405479630494
[16242, 14313, 15205] -> 15124	0.8090536961232844
[16242, 15124, 15205] -> 14313	0.7818747223456242
[16242, 15124, 14313] -> 15205	0.7411343606813784
[15124, 4996, 5317] -> 16242	0.8391673338670937
[16242, 4996, 5317] -> 15124	0.8034854602136249
[16242, 15124, 5317] -> 4996	0.7312465116279069
[16242, 15124, 4996] -> 5317	0.8456581608502948
[15124, 6972, 4996] -> 16242	0.8554169234525983
[16242, 6972, 4996] -> 15124	0.8115457594210573
[16242, 15124, 4996] -> 6972	0.7913959292568528
[16242, 15124, 6972] -> 4996	0.7504258856892208
[15124, 6972, 5317] -> 16242	0.7876495921760011
[16242, 6972, 5317] -> 15124	0.8093016751405939
[16242, 15124, 5317] -> 6972	0.7536744186046511
[16242, 15124, 6972] -> 5317	0.8264732584590588
[6287, 12470, 5317] -> 16242	0.7791713818684773
[16242, 12470, 5317] -> 6287	0.6931810766721044
[16242, 6287, 5317] -> 12470	0.8058367108086435
[16242, 6287, 12470] -> 5317	0.8697498157830099
[1905, 11521, 15107] -> 6037	0.8246931551262116
[6037, 11521, 15107] -> 1905	0.9201579860470266
[6037, 1905, 15107] -> 11521	0.7840144255970478
[6037, 1905, 11521] -> 15107	0.8530072658005496
[15124, 14313, 5317] -> 6287	0.7127808988764045
[6287, 14313, 5317] -> 15124	0.7803821991117765
[6287, 15124, 5317] -> 14313	0.7349956647261155
[6287, 15124, 14313] -> 5317	0.8419834746826461
[12470, 14313, 5317] -> 7234	0.7116095213543009
[7234, 14313, 5317] -> 12470	0.7769183458599589
[7234, 12470, 5317] -> 14313	0.8707065750736015
[7234, 12470, 14313] -> 5317	0.8558779958428553
[6037, 1905, 15107] -> 8644	0.782431384060554
[8644, 1905, 15107] -> 6037	0.8470723098051234
[8644, 6037, 15107] -> 1905	0.8957823227231264
[8644, 6037, 1905] -> 15107	0.8790694935217903
