[15124, 1905, 5317] -> 11283	0.754838236987262
[11283, 1905, 5317] -> 15124	0.8143037803170587
[11283, 15124, 5317] -> 1905	0.7795360702163996
[11283, 15124, 1905] -> 5317	0.788140409162441
[12470, 5317, 9340] -> 12317	0.7565301870918633
[12317, 5317, 9340] -> 12470	0.8565904219729873
[12317, 12470, 9340] -> 5317	0.8497581280233996
[12317, 12470, 5317] -> 9340	0.7731953486467673
[12470, 6972, 14367] -> 12317	0.8265787842938427
[12317, 6972, 14367] -> 12470	0.8681909089833257
[12317, 12470, 14367] -> 6972	0.808434438604031
[12317, 12470, 6972] -> 14367	0.7927878277032139
[15124, 12470, 6972] -> 12317	0.7704355091809493
[12317, 12470, 6972] -> 15124	0.8170589379498152
[12317, 15124, 6972] -> 12470	0.8224895841265352
[12317, 15124, 12470] -> 6972	0.7889415251053884
[14313, 2152, 5317] -> 12470	0.7748301553744792
[12470, 2152, 5317] -> 14313	0.7960881484605653
[12470, 14313, 5317] -> 2152	0.7208902638136978
[12470, 14313, 2152] -> 5317	0.8945298152909257
[6972, 2152, 5317] -> 12470	0.847358281277366
[12470, 2152, 5317] -> 6972	0.7652045550400676
[12470, 6972, 5317] -> 2152	0.7210404474957527
[12470, 6972, 2152] -> 5317	0.9003523398342514
[14240, 2452, 1905] -> 13728	0.74880872047755
[13728, 2452, 1905] -> 14240	0.8448294037035736
[13728, 14240, 1905] -> 2452	0.934870518702854
[13728, 14240, 2452] -> 1905	0.9137308554706799
[11283, 2452, 11521] -> 14240	0.8783590750825819
[14240, 2452, 11521] -> 11283	0.7454185568572483
[14240, 11283, 11521] -> 2452	0.958416034484858
[14240, 11283, 2452] -> 11521	0.9638737172108061
[14691, 1905, 11521] -> 14240	0.8611046646553725
[14240, 1905, 11521] -> 14691	0.7590262861818554
[14240, 14691, 11521] -> 1905	0.9023699218132517
[14240, 14691, 1905] -> 11521	0.9485888127620412
[2452, 14410, 1905] -> 14240	0.8492664291740883
[14240, 14410, 1905] -> 2452	0.9433272156923999
[14240, 2452, 1905] -> 14410	0.7523799636646769
[14240, 2452, 14410] -> 1905	0.9245656112060828
[6037, 1905, 11521] -> 14240	0.8636835441594142
[14240, 1905, 11521] -> 6037	0.7744706965326787
[14240, 6037, 11521] -> 1905	0.9157978762003821
[14240, 6037, 1905] -> 11521	0.9389764511848812
[2452, 1905, 11521] -> 14691	0.7562979241136691
[14691, 1905, 11521] -> 2452	0.9304711069853794
[14691, 2452, 11521] -> 1905	0.8892191000022178
[14691, 2452, 1905] -> 11521	0.9210236148120922
[2452, 11521, 15107] -> 15124	0.7847738671739881
[15124, 11521, 15107] -> 2452	0.9256789493816141
[15124, 2452, 15107] -> 11521	0.9015621895489767
[15124, 2452, 11521] -> 15107	0.7846551239651557
[12317, 12470, 14367] -> 16242	0.8880624152864558
[16242, 12470, 14367] -> 12317	0.8304805284473253
[16242, 12317, 14367] -> 12470	0.866287569333964
[16242, 12317, 12470] -> 14367	0.7965543826355118
[12317, 4996, 5317] -> 16242	0.8877355976970216
[16242, 4996, 5317] -> 12317	0.7832779680073593
[16242, 12317, 5317] -> 4996	0.7697994937115763
[16242, 12317, 4996] -> 5317	0.8508521623272081
[12317, 6972, 14367] -> 16242	0.8835280055857327
[16242, 6972, 14367] -> 12317	0.8382529613203841
[16242, 12317, 14367] -> 6972	0.8025433202906652
[16242, 12317, 6972] -> 14367	0.7862814895947426
[12317, 6972, 4996] -> 16242	0.8985422313383634
[16242, 6972, 4996] -> 12317	0.8118877415938575
[16242, 12317, 4996] -> 6972	0.817143174374063
[16242, 12317, 6972] -> 4996	0.7750863594237087
[12317, 6972, 5317] -> 16242	0.8618429690577268
[16242, 6972, 5317] -> 12317	0.7868166335367742
[16242, 12317, 5317] -> 6972	0.7912665246916061
[16242, 12317, 6972] -> 5317	0.82956651781953
[12317, 6972, 9340] -> 16242	0.8750135175728446
[16242, 6972, 9340] -> 12317	0.8060991808722603
[16242, 12317, 9340] -> 6972	0.8090096095095262
[16242, 12317, 6972] -> 9340	0.7669454039935968
[15124, 12470, 4996] -> 16242	0.871021717953126
[16242, 12470, 4996] -> 15124	0.8082375336318101
[16242, 15124, 4996] -> 12470	0.8176018761564611
[16242, 15124, 12470] -> 4996	0.7360230101008144
[15124, 12470, 5317] -> 16242	0.7964791795859056
[16242, 12470, 5317] -> 15124	0.8021813097180145
[16242, 15124, 5317] -> 12470	0.8005023255813953
[16242, 15124, 12470] -> 5317	0.8333801411983459
[15124, 12470, 9340] -> 16242	0.8229910286189186
[16242, 12470, 9340] -> 15124	0.7968658117630066
[16242, 15124, 9340] -> 12470	0.8244844370436787
[16242, 15124, 12470] -> 9340	0.7480316485730056
[2452, 1905, 11521] -> 3938	0.7133466003942392
[3938, 1905, 11521] -> 2452	0.9202000170330806
[3938, 2452, 11521] -> 1905	0.9149680026130191
[3938, 2452, 1905] -> 11521	0.9156658595641647
[2452, 11521, 15107] -> 6037	0.8225635593220338
[6037, 11521, 15107] -> 2452	0.9363134128185252
[6037, 2452, 15107] -> 11521	0.908870495777945
[6037, 2452, 11521] -> 15107	0.8520451008274457
[14313, 15205, 5317] -> 6972	0.7780463498929245
[6972, 15205, 5317] -> 14313	0.7891567560592702
[6972, 14313, 5317] -> 15205	0.7558576651732839
[6972, 14313, 15205] -> 5317	0.8369350773757256
[2452, 1905, 11521] -> 8387	0.6877965046639064
[8387, 1905, 11521] -> 2452	0.9435243886660629
[8387, 2452, 11521] -> 1905	0.9116992548882332
[8387, 2452, 1905] -> 11521	0.9260199870477835
