[6037, 1905, 15107] -> 11283	0.7728492650913132
[11283, 1905, 15107] -> 6037	0.8139899519681997
[11283, 6037, 15107] -> 1905	0.891866387601776
[11283, 6037, 1905] -> 15107	0.8566995932597328
[15124, 12470, 14313] -> 12317	0.7660529549328153
[12317, 12470, 14313] -> 15124	0.806861353483906
[12317, 15124, 14313] -> 12470	0.80982809733818
[12317, 15124, 12470] -> 14313	0.8066592929588047
[15124, 12470, 5317] -> 12317	0.730662791666281
[12317, 12470, 5317] -> 15124	0.808080497891332
[12317, 15124, 5317] -> 12470	0.8125302345687907
[12317, 15124, 12470] -> 5317	0.8237301222922493
[14313, 15205, 5317] -> 12470	0.8244386489409071
[12470, 15205, 5317] -> 14313	0.7977063608481132
[12470, 14313, 5317] -> 15205	0.7425166852854402
[12470, 14313, 15205] -> 5317	0.8433484074568111
[14313, 15205, 9340] -> 12470	0.8415557761591915
[12470, 15205, 9340] -> 14313	0.8353687567124684
[12470, 14313, 9340] -> 15205	0.7763178202846059
[12470, 14313, 15205] -> 9340	0.8182104087364848
[6972, 4996, 5317] -> 12470	0.8384269314303444
[12470, 4996, 5317] -> 6972	0.8067019926860214
[12470, 6972, 5317] -> 4996	0.751751135132987
[12470, 6972, 4996] -> 5317	0.8743932880321732
[14240, 2452, 11521] -> 13728	0.7208610745437498
[13728, 2452, 11521] -> 14240	0.8814809667743692
[13728, 14240, 11521] -> 2452	0.9581324504978538
[13728, 14240, 2452] -> 11521	0.9642255412407048
[14691, 2452, 1905] -> 14240	0.8488238537168059
[14240, 2452, 1905] -> 14691	0.7672151570205035
[14240, 14691, 1905] -> 2452	0.9446518048880254
[14240, 14691, 2452] -> 1905	0.9052845628047137
[16954, 2452, 11521] -> 14240	0.8944506241502905
[14240, 2452, 11521] -> 16954	0.6853933648391405
[14240, 16954, 11521] -> 2452	0.9601071945023019
[14240, 16954, 2452] -> 11521	0.9698082360666284
[4996, 5317, 9340] -> 14313	0.8218785151856018
[14313, 5317, 9340] -> 4996	0.7211453048816597
[14313, 4996, 9340] -> 5317	0.8719181842048738
[14313, 4996, 5317] -> 9340	0.8085720925600081
[15124, 2452, 1905] -> 14691	0.7994654778539269
[14691, 2452, 1905] -> 15124	0.8280230634935221
[14691, 15124, 1905] -> 2452	0.8392139971828692
[14691, 15124, 2452] -> 1905	0.8821492376593818
[12470, 6972, 14313] -> 15124	0.8140164553773823
[15124, 6972, 14313] -> 12470	0.8094040550552536
[15124, 12470, 14313] -> 6972	0.7686194458757779
[15124, 12470, 6972] -> 14313	0.7903768163198761
[14313, 14367, 5317] -> 15124	0.8049956970282934
[15124, 14367, 5317] -> 14313	0.7977153084859971
[15124, 14313, 5317] -> 14367	0.7000942489651095
[15124, 14313, 14367] -> 5317	0.8304780068615523
[14313, 2152, 5317] -> 15124	0.7689702592311324
[15124, 2152, 5317] -> 14313	0.7775241257652797
[15124, 14313, 5317] -> 2152	0.6923602897693673
[15124, 14313, 2152] -> 5317	0.8810008112779393
[6972, 4996, 5317] -> 15124	0.8062475067594522
[15124, 4996, 5317] -> 6972	0.7767173738991194
[15124, 6972, 5317] -> 4996	0.7073388876466757
[15124, 6972, 4996] -> 5317	0.8460447214502496
[6287, 14313, 5317] -> 15582	0.7749294378294167
[15582, 14313, 5317] -> 6287	0.8493668640365467
[15582, 6287, 5317] -> 14313	0.7119052044609666
[15582, 6287, 14313] -> 5317	0.879177761454412
[12317, 15124, 12470] -> 16242	0.8481781376518219
[16242, 15124, 12470] -> 12317	0.7872049893955975
[16242, 12317, 12470] -> 15124	0.8034436405329538
[16242, 12317, 15124] -> 12470	0.825414555387443
[14367, 5317, 9340] -> 16242	0.8518303444349558
[16242, 5317, 9340] -> 14367	0.7593045561115227
[16242, 14367, 9340] -> 5317	0.8578472405371004
[16242, 14367, 5317] -> 9340	0.7741548268261638
[15124, 12470, 14367] -> 16242	0.847445040243756
[16242, 12470, 14367] -> 15124	0.7996578695163801
[16242, 15124, 14367] -> 12470	0.8354921024580897
[16242, 15124, 12470] -> 14367	0.751488974326693
[15124, 15205, 5317] -> 16242	0.7844541502335105
[16242, 15205, 5317] -> 15124	0.8080503719712397
[16242, 15124, 5317] -> 15205	0.7234418604651163
[16242, 15124, 15205] -> 5317	0.8225973641344588
[15205, 4996, 5317] -> 16242	0.8581642795825238
[16242, 4996, 5317] -> 15205	0.7765625798538355
[16242, 15205, 5317] -> 4996	0.7893998586924899
[16242, 15205, 4996] -> 5317	0.8591444176815822
[6972, 14313, 15205] -> 16242	0.8456704945888309
[16242, 14313, 15205] -> 6972	0.811636713876059
[16242, 6972, 15205] -> 14313	0.8040508305503752
[16242, 6972, 14313] -> 15205	0.7835339116469259
[6972, 5317, 9340] -> 16242	0.8274550261138695
[16242, 5317, 9340] -> 6972	0.7814913678484071
[16242, 6972, 9340] -> 5317	0.852313482399823
[16242, 6972, 5317] -> 9340	0.7691262698404772
[7234, 12470, 14313] -> 16242	0.8582206961494735
[16242, 12470, 14313] -> 7234	0.7330070423916669
[16242, 7234, 14313] -> 12470	0.8518522740225694
[16242, 7234, 12470] -> 14313	0.8810983517649555
[7234, 14313, 5317] -> 16242	0.7774812621834898
[16242, 14313, 5317] -> 7234	0.7245358901873925
[16242, 7234, 5317] -> 14313	0.8688809152123768
[16242, 7234, 14313] -> 5317	0.8501424826171208
[1905, 6206, 15107] -> 6037	0.8327263117984306
[6037, 6206, 15107] -> 1905	0.8931691867844775
[6037, 1905, 15107] -> 6206	0.7598389700794667
[6037, 1905, 6206] -> 15107	0.873407806418182
[15124, 12470, 5317] -> 6287	0.7202039928546967
[6287, 12470, 5317] -> 15124	0.8153422188691898
[6287, 15124, 5317] -> 12470	0.741408058845388
[6287, 15124, 12470] -> 5317	0.8531565905751815
