[2452, 11521, 15107] -> 11283	0.779239450017295
[11283, 11521, 15107] -> 2452	0.9319242453622908
[11283, 2452, 15107] -> 11521	0.9022967645034108
[11283, 2452, 11521] -> 15107	0.804492902419427
[12470, 14313, 15205] -> 12317	0.7922915921094011
[12317, 14313, 15205] -> 12470	0.8503520921841353
[12317, 12470, 15205] -> 14313	0.8302988976020002
[12317, 12470, 14313] -> 15205	0.7625140900930989
[12470, 6972, 14313] -> 12317	0.799754428679372
[12317, 6972, 14313] -> 12470	0.8473846906551616
[12317, 12470, 14313] -> 6972	0.7953805368847325
[12317, 12470, 6972] -> 14313	0.8235211480689014
[14313, 14367, 5317] -> 12317	0.78744382231383
[12317, 14367, 5317] -> 14313	0.831846190107411
[12317, 14313, 5317] -> 14367	0.7731265125594593
[12317, 14313, 14367] -> 5317	0.8325096039359288
[6972, 14313, 5317] -> 12317	0.7685050723518204
[12317, 14313, 5317] -> 6972	0.778373529166319
[12317, 6972, 5317] -> 14313	0.8164252264869359
[12317, 6972, 14313] -> 5317	0.8297157852599742
[14367, 5317, 9340] -> 12470	0.8499516083119841
[12470, 5317, 9340] -> 14367	0.7476363126477304
[12470, 14367, 9340] -> 5317	0.8610797093090322
[12470, 14367, 5317] -> 9340	0.7800593558634815
[15205, 4996, 5317] -> 12470	0.8366805222970226
[12470, 4996, 5317] -> 15205	0.7897497681063619
[12470, 15205, 5317] -> 4996	0.7598243868413225
[12470, 15205, 4996] -> 5317	0.8721242376433466
[6972, 14313, 14367] -> 12470	0.8586256764321701
[12470, 14313, 14367] -> 6972	0.7921795644314367
[12470, 6972, 14367] -> 14313	0.8294969297504365
[12470, 6972, 14313] -> 14367	0.7726261439005961
[1905, 11521, 15107] -> 14240	0.8573460813180269
[14240, 11521, 15107] -> 1905	0.9169988912740912
[14240, 1905, 15107] -> 11521	0.9397437447117127
[14240, 1905, 11521] -> 15107	0.7951825713409022
[14313, 15205, 5317] -> 15124	0.799588660602591
[15124, 15205, 5317] -> 14313	0.760770231694893
[15124, 14313, 5317] -> 15205	0.6969064163217031
[15124, 14313, 15205] -> 5317	0.8187097684617306
[2452, 1905, 11521] -> 15124	0.7693512029954634
[15124, 1905, 11521] -> 2452	0.9079596175465545
[15124, 2452, 11521] -> 1905	0.8816116551023496
[15124, 2452, 1905] -> 11521	0.9046066493667797
[6287, 5317, 14538] -> 15582	0.8545105144676879
[15582, 5317, 14538] -> 6287	0.8460375963556107
[15582, 6287, 14538] -> 5317	0.8752319787648045
[15582, 6287, 5317] -> 14538	0.7231970260223048
[12317, 12470, 14313] -> 16242	0.8650169081117188
[16242, 12470, 14313] -> 12317	0.8129058202718873
[16242, 12317, 14313] -> 12470	0.8477109074543818
[16242, 12317, 12470] -> 14313	0.8191891037045823
[12317, 15124, 15205] -> 16242	0.8426519516351538
[16242, 15124, 15205] -> 12317	0.7688434769731972
[16242, 12317, 15205] -> 15124	0.8093350554491605
[16242, 12317, 15124] -> 15205	0.7381066014074067
[12317, 6972, 14313] -> 16242	0.8627184984210293
[16242, 6972, 14313] -> 12317	0.8197753663768056
[16242, 12317, 14313] -> 6972	0.793572539072089
[16242, 12317, 6972] -> 14313	0.8171075912039768
[12470, 14313, 4996] -> 16242	0.8893479887207227
[16242, 14313, 4996] -> 12470	0.8541063335912457
[16242, 12470, 4996] -> 14313	0.8217434304978039
[16242, 12470, 14313] -> 4996	0.7579006218490691
[12470, 14313, 5317] -> 16242	0.8220236219720624
[16242, 14313, 5317] -> 12470	0.8363496828218654
[16242, 12470, 5317] -> 14313	0.8025448613376834
[16242, 12470, 14313] -> 5317	0.844429840908645
[12470, 14313, 9340] -> 16242	0.8403181495467501
[16242, 14313, 9340] -> 12470	0.8555206369159858
[16242, 12470, 9340] -> 14313	0.8425374751111616
[16242, 12470, 14313] -> 9340	0.8010279145496989
[12470, 4996, 5317] -> 16242	0.8724958152527373
[16242, 4996, 5317] -> 12470	0.836449123524301
[16242, 12470, 5317] -> 4996	0.7628431601025402
[16242, 12470, 4996] -> 5317	0.870268948135229
[12470, 4996, 9340] -> 16242	0.8908083249808383
[16242, 4996, 9340] -> 12470	0.8560145945700947
[16242, 12470, 9340] -> 4996	0.7793688293734718
[16242, 12470, 4996] -> 9340	0.8033881722374059
[12470, 6972, 15205] -> 16242	0.8570126516351642
[16242, 6972, 15205] -> 12470	0.8563993581125038
[16242, 12470, 15205] -> 6972	0.8206641452973692
[16242, 12470, 6972] -> 15205	0.7935299141005676
[12470, 6972, 4996] -> 16242	0.890017565756021
[16242, 6972, 4996] -> 12470	0.8496050657488307
[16242, 12470, 4996] -> 6972	0.8190209819956824
[16242, 12470, 6972] -> 4996	0.7737479278645703
[12470, 6972, 5317] -> 16242	0.8360540094784847
[16242, 6972, 5317] -> 12470	0.84054699283795
[16242, 12470, 5317] -> 6972	0.7844138895362387
[16242, 12470, 6972] -> 5317	0.8454111619028483
[12470, 6972, 9340] -> 16242	0.8527861033932049
[16242, 6972, 9340] -> 12470	0.8629621430152756
[16242, 12470, 9340] -> 6972	0.804283459368004
[16242, 12470, 6972] -> 9340	0.7832420756517808
[15124, 14313, 14367] -> 16242	0.8178509968980522
[16242, 14313, 14367] -> 15124	0.8029075335463945
[16242, 15124, 14367] -> 14313	0.8033743553301679
[16242, 15124, 14313] -> 14367	0.7481025476493648
[15124, 5317, 9340] -> 16242	0.7858843775638845
[16242, 5317, 9340] -> 15124	0.7972027972027972
[16242, 15124, 9340] -> 5317	0.8384142436275137
[16242, 15124, 5317] -> 9340	0.730660465116279
[1905, 11521, 15107] -> 2452	0.9259492065592572
[2452, 11521, 15107] -> 1905	0.9076227948806641
[2452, 1905, 15107] -> 11521	0.9085557851910363
[2452, 1905, 11521] -> 15107	0.7919303573618042
[2452, 1905, 11521] -> 3860	0.7182604430946835
[3860, 1905, 11521] -> 2452	0.9124621080504668
[3860, 2452, 11521] -> 1905	0.9134361656191526
[3860, 2452, 1905] -> 11521	0.9095414969723752
[2452, 1905, 11521] -> 4432	0.6940213341884615
[4432, 1905, 11521] -> 2452	0.9075268551977604
[4432, 2452, 11521] -> 1905	0.9114838166255836
[4432, 2452, 1905] -> 11521	0.9060295258381866
[1905, 2372, 15107] -> 6037	0.9245708668363873
[6037, 2372, 15107] -> 1905	0.8960450459253468
[6037, 1905, 15107] -> 2372	0.7690960937663808
[6037, 1905, 2372] -> 15107	0.8507595964281571
[15124, 2152, 5317] -> 6287	0.7593130642316074
[6287, 2152, 5317] -> 15124	0.7528679458819898
[6287, 15124, 5317] -> 2152	0.6972168494468953
[6287, 15124, 2152] -> 5317	0.8893845106713988
