[12470, 14313, 5317] -> 12317	0.7637611831991826
[12317, 14313, 5317] -> 12470	0.8344216807143453
[12317, 12470, 5317] -> 14313	0.818808090734144
[12317, 12470, 14313] -> 5317	0.834874545985889
[12470, 14313, 9340] -> 12317	0.783685060759155
[12317, 14313, 9340] -> 12470	0.8512892733796064
[12317, 12470, 9340] -> 14313	0.8568342895713802
[12317, 12470, 14313] -> 9340	0.7949317413267648
[2452, 1905, 11521] -> 13728	0.7342563686608129
[13728, 1905, 11521] -> 2452	0.9199309912911955
[13728, 2452, 11521] -> 1905	0.9015854265828208
[13728, 2452, 1905] -> 11521	0.9118497956124015
[2452, 12155, 11521] -> 14240	0.90597948461346
[14240, 12155, 11521] -> 2452	0.9543034838981711
[14240, 2452, 11521] -> 12155	0.6859047817480988
[14240, 2452, 12155] -> 11521	0.9686626452846844
[3938, 2452, 11521] -> 14240	0.8986729250087706
[14240, 2452, 11521] -> 3938	0.7035486651071607
[14240, 3938, 11521] -> 2452	0.9520556723227559
[14240, 3938, 2452] -> 11521	0.9664229588385284
[15205, 5317, 9340] -> 14313	0.8107294980320269
[14313, 5317, 9340] -> 15205	0.7420497838488719
[14313, 15205, 9340] -> 5317	0.8385999353061248
[14313, 15205, 5317] -> 9340	0.7970548947267986
[2452, 11521, 15107] -> 14691	0.7834118817018332
[14691, 11521, 15107] -> 2452	0.9393550561215231
[14691, 2452, 15107] -> 11521	0.9142918417035664
[14691, 2452, 11521] -> 15107	0.8036882609949212
[12470, 14313, 14367] -> 15124	0.8042954291125075
[15124, 14313, 14367] -> 12470	0.8193088027358522
[15124, 12470, 14367] -> 14313	0.8163202900608298
[15124, 12470, 14313] -> 14367	0.740695231677831
[12470, 14313, 5317] -> 15124	0.8022495297566193
[15124, 14313, 5317] -> 12470	0.7763712300413957
[15124, 12470, 5317] -> 14313	0.777671852873393
[15124, 12470, 14313] -> 5317	0.8325934440524793
[12470, 14313, 9340] -> 15124	0.7988516982724027
[15124, 14313, 9340] -> 12470	0.8080137378362907
[15124, 12470, 9340] -> 14313	0.8272210028341892
[15124, 12470, 14313] -> 9340	0.7693329105394585
[12470, 5317, 9340] -> 15124	0.7966127158367052
[15124, 5317, 9340] -> 12470	0.7957997318552018
[15124, 12470, 9340] -> 5317	0.8474545570780148
[15124, 12470, 5317] -> 9340	0.7361606027229899
[12470, 6972, 15205] -> 15124	0.8151732818298214
[15124, 6972, 15205] -> 12470	0.8138486870612703
[15124, 12470, 15205] -> 6972	0.7944756405782388
[15124, 12470, 6972] -> 15205	0.7655342476920254
[14313, 4996, 5317] -> 15124	0.8048537565153878
[15124, 4996, 5317] -> 14313	0.7763971176941553
[15124, 14313, 5317] -> 4996	0.672022841513897
[15124, 14313, 4996] -> 5317	0.8518869913556819
[15205, 5317, 9340] -> 15124	0.793141747991589
[15124, 5317, 9340] -> 15205	0.7359173953935125
[15124, 15205, 9340] -> 5317	0.8301767534255853
[15124, 15205, 5317] -> 9340	0.7419078263851764
[6972, 15205, 5317] -> 15124	0.8123723090819158
[15124, 15205, 5317] -> 6972	0.7620512613603123
[15124, 6972, 5317] -> 15205	0.7344623431165725
[15124, 6972, 15205] -> 5317	0.8184093075656469
[6287, 15124, 5317] -> 15582	0.7412365535049023
[15582, 15124, 5317] -> 6287	0.83773044452102
[15582, 6287, 5317] -> 15124	0.7230018587360595
[15582, 6287, 15124] -> 5317	0.8796955921930479
[12317, 14313, 14367] -> 16242	0.867072540606115
[16242, 14313, 14367] -> 12317	0.8306377850232969
[16242, 12317, 14367] -> 14313	0.8297716816442362
[16242, 12317, 14313] -> 14367	0.7895425906226987
[12317, 15124, 14313] -> 16242	0.8231110086841747
[16242, 15124, 14313] -> 12317	0.7878061741144388
[16242, 12317, 14313] -> 15124	0.8036883233777924
[16242, 12317, 15124] -> 14313	0.7978858436824094
[12470, 14313, 14367] -> 16242	0.8625182921580442
[16242, 14313, 14367] -> 12470	0.8625646985397768
[16242, 12470, 14367] -> 14313	0.8260493203763436
[16242, 12470, 14313] -> 14367	0.7862271220354278
[12470, 15205, 14367] -> 16242	0.8830714713164287
[16242, 15205, 14367] -> 12470	0.8731740709371266
[16242, 12470, 14367] -> 15205	0.7755438535022002
[16242, 12470, 15205] -> 14367	0.781950043639084
[12470, 6972, 14313] -> 16242	0.8480711107379734
[16242, 6972, 14313] -> 12470	0.8538507866403221
[16242, 12470, 14313] -> 6972	0.7926221629362261
[16242, 12470, 6972] -> 14313	0.8118852664891747
[14313, 14367, 5317] -> 16242	0.8337565474229981
[16242, 14367, 5317] -> 14313	0.8120492151039457
[16242, 14313, 5317] -> 14367	0.7623349750823304
[16242, 14313, 14367] -> 5317	0.8444329663944217
[14313, 14367, 9340] -> 16242	0.8497521685254027
[16242, 14367, 9340] -> 14313	0.849235744017246
[16242, 14313, 9340] -> 14367	0.7758328095537399
[16242, 14313, 14367] -> 9340	0.796946121315815
[14313, 5317, 9340] -> 16242	0.7984464754535225
[16242, 5317, 9340] -> 14313	0.821064276797223
[16242, 14313, 9340] -> 5317	0.8474439555834905
[16242, 14313, 5317] -> 9340	0.7858731870330973
[15124, 6972, 14367] -> 16242	0.8353002490011003
[16242, 6972, 14367] -> 15124	0.8097906023690564
[16242, 15124, 14367] -> 6972	0.776553936927334
[16242, 15124, 6972] -> 14367	0.7357264538768349
[6972, 14313, 4996] -> 16242	0.8811277164103674
[16242, 14313, 4996] -> 6972	0.8094064330717364
[16242, 6972, 4996] -> 14313	0.8078170505692348
[16242, 6972, 14313] -> 4996	0.7737180774066756
[6972, 14313, 5317] -> 16242	0.82041299757969
[16242, 14313, 5317] -> 6972	0.7738369325522882
[16242, 6972, 5317] -> 14313	0.7956967765779984
[16242, 6972, 14313] -> 5317	0.8416681635197533
[6972, 14313, 9340] -> 16242	0.8320308188180233
[16242, 14313, 9340] -> 6972	0.7896186884558978
[16242, 6972, 9340] -> 14313	0.8343701571839717
[16242, 6972, 14313] -> 9340	0.79643502424902
[14313, 2152, 5317] -> 6287	0.7400504915744751
[6287, 2152, 5317] -> 14313	0.7419311692988323
[6287, 14313, 5317] -> 2152	0.7295167376503556
[6287, 14313, 2152] -> 5317	0.8953563446734543
[15124, 6972, 5317] -> 6287	0.7042279536859707
[6287, 6972, 5317] -> 15124	0.8294003824179347
[6287, 15124, 5317] -> 6972	0.6902041866359228
[6287, 15124, 6972] -> 5317	0.8492461722431943
[14313, 5317, 9340] -> 6972	0.7547721036735822
[6972, 5317, 9340] -> 14313	0.8218023943086811
[6972, 14313, 9340] -> 5317	0.8441177119897566
[6972, 14313, 5317] -> 9340	0.7875997734177868
[2452, 1905, 11521] -> 8644	0.6941816707065182
[8644, 1905, 11521] -> 2452	0.9275380582720032
[8644, 2452, 11521] -> 1905	0.9132328308207706
[8644, 2452, 1905] -> 11521	0.9108256608256609
