[12470, 14367, 5317] -> 12317	0.7969256170710807
[12317, 14367, 5317] -> 12470	0.8559322985061225
[12317, 12470, 5317] -> 14367	0.78062686811612
[12317, 12470, 14367] -> 5317	0.8403693786020474
[12470, 4996, 5317] -> 12317	0.7843762327679037
[12317, 4996, 5317] -> 12470	0.852252586216883
[12317, 12470, 5317] -> 4996	0.7530708758137821
[12317, 12470, 4996] -> 5317	0.867078388157507
[12470, 6972, 15205] -> 12317	0.7876673683296803
[12317, 6972, 15205] -> 12470	0.8608614187794986
[12317, 12470, 15205] -> 6972	0.8250142061597908
[12317, 12470, 6972] -> 15205	0.7844669216970326
[12470, 6972, 5317] -> 12317	0.769694681516955
[12317, 6972, 5317] -> 12470	0.8476191518228369
[12317, 12470, 5317] -> 6972	0.7929922613929493
[12317, 12470, 6972] -> 5317	0.8371587888218894
[12470, 6972, 9340] -> 12317	0.7906976744186047
[12317, 6972, 9340] -> 12470	0.8685370982276961
[12317, 12470, 9340] -> 6972	0.8131848351895602
[12317, 12470, 6972] -> 9340	0.7811277529231235
[14313, 5317, 9340] -> 12470	0.816745296985728
[12470, 5317, 9340] -> 14313	0.8288029325748166
[12470, 14313, 9340] -> 5317	0.8514616152366057
[12470, 14313, 5317] -> 9340	0.7901139087011735
[4996, 5317, 9340] -> 12470	0.8428683914510685
[12470, 5317, 9340] -> 4996	0.7504807499699531
[12470, 4996, 9340] -> 5317	0.883568185838099
[12470, 4996, 5317] -> 9340	0.7988975723134988
[6972, 14313, 5317] -> 12470	0.8294968844945672
[12470, 14313, 5317] -> 6972	0.7690030840327309
[12470, 6972, 5317] -> 14313	0.8002066587844887
[12470, 6972, 14313] -> 5317	0.8452271009990765
[6972, 14313, 9340] -> 12470	0.8457072212287791
[12470, 14313, 9340] -> 6972	0.7883358885447642
[12470, 6972, 9340] -> 14313	0.8380844035091558
[12470, 6972, 14313] -> 9340	0.8040466795399211
[14410, 1905, 11521] -> 14240	0.8614562093982645
[14240, 1905, 11521] -> 14410	0.7432648051549555
[14240, 14410, 11521] -> 1905	0.9229567536673652
[14240, 14410, 1905] -> 11521	0.9458784021242532
[14691, 2452, 11521] -> 14240	0.8764332764088802
[14240, 2452, 11521] -> 14691	0.748515470361496
[14240, 14691, 11521] -> 2452	0.9610403823003685
[14240, 14691, 2452] -> 11521	0.9681627753142075
[15124, 1905, 11521] -> 14240	0.840674079763137
[14240, 1905, 11521] -> 15124	0.7724966758719444
[14240, 15124, 11521] -> 1905	0.8911635260940873
[14240, 15124, 1905] -> 11521	0.9289114098417109
[2452, 3962, 11521] -> 14240	0.8861768339034588
[14240, 3962, 11521] -> 2452	0.9583686576750162
[14240, 2452, 11521] -> 3962	0.7065982251939122
[14240, 2452, 3962] -> 11521	0.9679423975090815
[6037, 2452, 11521] -> 14240	0.8853780609331438
[14240, 2452, 11521] -> 6037	0.7488848270179659
[14240, 6037, 11521] -> 2452	0.9563629326818412
[14240, 6037, 2452] -> 11521	0.9663794683776351
[12470, 14367, 5317] -> 15124	0.8035404518569608
[15124, 14367, 5317] -> 12470	0.8095809644135608
[15124, 12470, 5317] -> 14367	0.7116981201928861
[15124, 12470, 14367] -> 5317	0.8397566809003244
[16377, 14313, 5317] -> 15124	0.7748914508159904
[15124, 14313, 5317] -> 16377	0.6695095357776464
[15124, 16377, 5317] -> 14313	0.784727186085299
[15124, 16377, 14313] -> 5317	0.8140778607943374
[2452, 1905, 15107] -> 15124	0.7868465758464352
[15124, 1905, 15107] -> 2452	0.8087325948663197
[15124, 2452, 15107] -> 1905	0.9030151003377708
[15124, 2452, 1905] -> 15107	0.8064187016213099
[6287, 1145, 5317] -> 15582	0.8238267372367863
[15582, 1145, 5317] -> 6287	0.8636610419788477
[15582, 6287, 5317] -> 1145	0.7392007434944239
[15582, 6287, 1145] -> 5317	0.9012191805656273
[6287, 5317, 11149] -> 15582	0.8787930301742456
[15582, 5317, 11149] -> 6287	0.8628467875579717
[15582, 6287, 11149] -> 5317	0.8812327249260292
[15582, 6287, 5317] -> 11149	0.6726115241635687
[12317, 12470, 15205] -> 16242	0.8810205705193772
[16242, 12470, 15205] -> 12317	0.8054631977058311
[16242, 12317, 15205] -> 12470	0.8631474635906116
[16242, 12317, 12470] -> 15205	0.7662297868975607
[12317, 14313, 4996] -> 16242	0.8924512645364571
[16242, 14313, 4996] -> 12317	0.8202719133414392
[16242, 12317, 4996] -> 14313	0.8239604729917283
[16242, 12317, 14313] -> 4996	0.7590418132722364
[12317, 14313, 5317] -> 16242	0.8428711507969624
[16242, 14313, 5317] -> 12317	0.7849405958868845
[16242, 12317, 5317] -> 14313	0.8116787881223129
[16242, 12317, 14313] -> 5317	0.8264565092872924
[12317, 14313, 9340] -> 16242	0.8559389285674368
[16242, 14313, 9340] -> 12317	0.8022208254766394
[16242, 12317, 9340] -> 14313	0.8507470977059379
[16242, 12317, 14313] -> 9340	0.7832828737419196
[12317, 15124, 6972] -> 16242	0.8404929998803398
[16242, 15124, 6972] -> 12317	0.7881588477114382
[16242, 12317, 6972] -> 15124	0.8137164040778498
[16242, 12317, 15124] -> 6972	0.7845733608180424
[12317, 6972, 15205] -> 16242	0.8769655859402794
[16242, 6972, 15205] -> 12317	0.8018280782408813
[16242, 12317, 15205] -> 6972	0.8233977642185899
[16242, 12317, 6972] -> 15205	0.7788250905720785
[12470, 2152, 5317] -> 16242	0.7985660059046816
[16242, 2152, 5317] -> 12470	0.8580913427221537
[16242, 12470, 5317] -> 2152	0.7059986017245398
[16242, 12470, 2152] -> 5317	0.8989222807767174
[14313, 15205, 5317] -> 16242	0.812204482327248
[16242, 15205, 5317] -> 14313	0.7960184530983749
[16242, 14313, 5317] -> 15205	0.7442465926422445
[16242, 14313, 15205] -> 5317	0.8385176104896789
[14313, 15205, 9340] -> 16242	0.8302008856368444
[16242, 15205, 9340] -> 14313	0.8275517011340895
[16242, 14313, 9340] -> 15205	0.779698302954117
[16242, 14313, 15205] -> 9340	0.8146356412669922
[15124, 12470, 14313] -> 16242	0.8128542550239803
[16242, 12470, 14313] -> 15124	0.8045785354179336
[16242, 15124, 14313] -> 12470	0.8224465855883858
[16242, 15124, 12470] -> 14313	0.7944101724789122
[6972, 14367, 5317] -> 16242	0.8561170665305429
[16242, 14367, 5317] -> 6972	0.7809741610356282
[16242, 6972, 5317] -> 14367	0.7538732007471707
[16242, 6972, 14367] -> 5317	0.8473698983888173
[7234, 12470, 5317] -> 16242	0.8540235525024533
[16242, 12470, 5317] -> 7234	0.6814355628058727
[16242, 7234, 5317] -> 12470	0.8516158344789021
[16242, 7234, 12470] -> 5317	0.8618571529628144
[2452, 1905, 11521] -> 16954	0.6909938034651552
[16954, 1905, 11521] -> 2452	0.927415883946429
[16954, 2452, 11521] -> 1905	0.9054999382029415
[16954, 2452, 1905] -> 11521	0.9259039265990118
[12155, 1905, 11521] -> 2452	0.9313863253706025
[2452, 1905, 11521] -> 12155	0.6939081554698332
[2452, 12155, 11521] -> 1905	0.9203527645734301
[2452, 12155, 1905] -> 11521	0.9236225316042532
[14410, 1905, 11521] -> 2452	0.929560434349661
[2452, 1905, 11521] -> 14410	0.739566336876456
[2452, 14410, 11521] -> 1905	0.9125228380910265
[2452, 14410, 1905] -> 11521	0.9188853473328957
[1905, 3962, 11521] -> 2452	0.9289437718460105
[2452, 3962, 11521] -> 1905	0.9122719498289623
[2452, 1905, 11521] -> 3962	0.7244003885802672
[2452, 1905, 3962] -> 11521	0.9216535669286614
[12470, 14313, 5317] -> 6287	0.7008010846629047
[6287, 14313, 5317] -> 12470	0.7425163633420672
[6287, 12470, 5317] -> 14313	0.7690703717674672
[6287, 12470, 14313] -> 5317	0.8661843844410876
