[2452, 1905, 15107] -> 11283	0.7833082657952541
[11283, 1905, 15107] -> 2452	0.7993264506155799
[11283, 2452, 15107] -> 1905	0.9060767257024845
[11283, 2452, 1905] -> 15107	0.8208620122691038
[12470, 15205, 5317] -> 12317	0.7557007601013469
[12317, 15205, 5317] -> 12470	0.8544636333058839
[12317, 12470, 5317] -> 15205	0.7541149735904681
[12317, 12470, 15205] -> 5317	0.8372655983634504
[15124, 6972, 14313] -> 12317	0.7677056484853545
[12317, 6972, 14313] -> 15124	0.8180625361384157
[12317, 15124, 14313] -> 6972	0.7706812206031782
[12317, 15124, 6972] -> 14313	0.8003089407899747
[2152, 5317, 9340] -> 12470	0.8347430133938917
[12470, 5317, 9340] -> 2152	0.7215756580265213
[12470, 2152, 9340] -> 5317	0.904587916227211
[12470, 2152, 5317] -> 9340	0.7596478279207086
[6972, 14367, 5317] -> 12470	0.8544835800578527
[12470, 14367, 5317] -> 6972	0.7871653395197191
[12470, 6972, 5317] -> 14367	0.7484128009220162
[12470, 6972, 14367] -> 5317	0.8487071150921075
[6972, 5317, 9340] -> 12470	0.8403937498656694
[12470, 5317, 9340] -> 6972	0.7832418572973838
[12470, 6972, 9340] -> 5317	0.8554332844735173
[12470, 6972, 5317] -> 9340	0.7769774165664836
[14240, 1905, 11521] -> 13728	0.7406055027104429
[13728, 1905, 11521] -> 14240	0.8556252732579437
[13728, 14240, 11521] -> 1905	0.9114814768192746
[13728, 14240, 1905] -> 11521	0.9384996241283666
[11283, 2452, 1905] -> 14240	0.8384605789837735
[14240, 2452, 1905] -> 11283	0.7676407993771087
[14240, 11283, 1905] -> 2452	0.9346504367171008
[14240, 11283, 2452] -> 1905	0.905520585858091
[2452, 5317, 11521] -> 14240	0.8584855154363216
[14240, 5317, 11521] -> 2452	0.9431939978563774
[14240, 2452, 11521] -> 5317	0.6834045213043025
[14240, 2452, 5317] -> 11521	0.9570926454008887
[14367, 5317, 9340] -> 14313	0.8454995730145174
[14313, 5317, 9340] -> 14367	0.732900373082769
[14313, 14367, 9340] -> 5317	0.8519895360044057
[14313, 14367, 5317] -> 9340	0.7889418939450281
[12470, 14313, 15205] -> 15124	0.808927351400592
[15124, 14313, 15205] -> 12470	0.8097000748998622
[15124, 12470, 15205] -> 14313	0.7888074616922052
[15124, 12470, 14313] -> 15205	0.7391493915731895
[12470, 15205, 5317] -> 15124	0.8057484587688615
[15124, 15205, 5317] -> 12470	0.7923218914856917
[15124, 12470, 5317] -> 15205	0.7270253510176503
[15124, 12470, 15205] -> 5317	0.8306631557797447
[12470, 15205, 9340] -> 15124	0.8000597894084169
[15124, 15205, 9340] -> 12470	0.8155827445314792
[15124, 12470, 9340] -> 15205	0.769908581413685
[15124, 12470, 15205] -> 9340	0.7641360785931072
[12470, 4996, 5317] -> 15124	0.803013018029064
[15124, 4996, 5317] -> 12470	0.804024552975714
[15124, 12470, 5317] -> 4996	0.6971020797275159
[15124, 12470, 4996] -> 5317	0.8631826256374994
[12470, 6972, 5317] -> 15124	0.8105395980089222
[15124, 6972, 5317] -> 12470	0.793093726607235
[15124, 12470, 5317] -> 6972	0.7550697407513676
[15124, 12470, 6972] -> 5317	0.8312784038802503
[12470, 6972, 9340] -> 15124	0.8007066442057365
[15124, 6972, 9340] -> 12470	0.8259128040799748
[15124, 12470, 9340] -> 6972	0.7799241374901443
[15124, 12470, 6972] -> 9340	0.7458782530722045
[6972, 5317, 9340] -> 15124	0.7962043544608507
[15124, 5317, 9340] -> 6972	0.7413003021631681
[15124, 6972, 9340] -> 5317	0.8359660603872365
[15124, 6972, 5317] -> 9340	0.7202784285894831
[7234, 14313, 5317] -> 15124	0.7563719000510793
[15124, 14313, 5317] -> 7234	0.6704427853341218
[15124, 7234, 5317] -> 14313	0.8533825743319533
[15124, 7234, 14313] -> 5317	0.8322780454232622
[6287, 12470, 5317] -> 15582	0.7755773502661469
[15582, 12470, 5317] -> 6287	0.864564960928831
[15582, 6287, 5317] -> 12470	0.6878996282527882
[15582, 6287, 12470] -> 5317	0.8970247833727202
[12317, 12470, 6972] -> 16242	0.8785579977955001
[16242, 12470, 6972] -> 12317	0.8167981112171597
[16242, 12317, 6972] -> 12470	0.8562220911618501
[16242, 12317, 12470] -> 6972	0.803582018740363
[12317, 14313, 15205] -> 16242	0.8614560903218297
[16242, 14313, 15205] -> 12317	0.8100606352472474
[16242, 12317, 15205] -> 14313	0.8240769607624816
[16242, 12317, 14313] -> 15205	0.7570166107519843
[12317, 14367, 5317] -> 16242	0.8705792563161499
[16242, 14367, 5317] -> 12317	0.8026532280596459
[16242, 12317, 5317] -> 14367	0.7791819021979347
[16242, 12317, 14367] -> 5317	0.833791976609193
[12470, 14313, 15205] -> 16242	0.8500504278231447
[16242, 14313, 15205] -> 12470	0.8579121336164437
[16242, 12470, 15205] -> 14313	0.8144299904409625
[16242, 12470, 14313] -> 15205	0.7688173097671499
[14313, 4996, 5317] -> 16242	0.8634507486471233
[16242, 4996, 5317] -> 14313	0.7975060050084326
[16242, 14313, 5317] -> 4996	0.7579634540844579
[16242, 14313, 4996] -> 5317	0.862429534652371
[14313, 4996, 9340] -> 16242	0.8772285734743072
[16242, 4996, 9340] -> 14313	0.8329556270679417
[16242, 14313, 9340] -> 4996	0.7700607584328514
[16242, 14313, 4996] -> 9340	0.8125345418370731
[15124, 14313, 4996] -> 16242	0.8596762480380442
[16242, 14313, 4996] -> 15124	0.8112523488449209
[16242, 15124, 4996] -> 14313	0.7895563492405008
[16242, 15124, 14313] -> 4996	0.735860596155967
[15124, 14313, 5317] -> 16242	0.7626774098166765
[16242, 14313, 5317] -> 15124	0.8018340959208852
[16242, 15124, 5317] -> 14313	0.7678139534883721
[16242, 15124, 14313] -> 5317	0.8275599314210089
[15124, 14313, 9340] -> 16242	0.7922776708123017
[16242, 14313, 9340] -> 15124	0.7974649067672325
[16242, 15124, 9340] -> 14313	0.8125827249049998
[16242, 15124, 14313] -> 9340	0.7632520879495485
[15124, 6972, 15205] -> 16242	0.8129495623537567
[16242, 6972, 15205] -> 15124	0.8136899856876436
[16242, 15124, 15205] -> 6972	0.7937741955956084
[16242, 15124, 6972] -> 15205	0.7655231508400404
[15205, 5317, 9340] -> 16242	0.8205531891950181
[16242, 5317, 9340] -> 15205	0.7723162178895124
[16242, 15205, 9340] -> 5317	0.84605292417167
[16242, 15205, 5317] -> 9340	0.7906362994056773
[3427, 15124, 5317] -> 16242	0.7704255614824634
[16242, 15124, 5317] -> 3427	0.6704279069767441
[16242, 3427, 5317] -> 15124	0.9431772080666903
[16242, 3427, 15124] -> 5317	0.851731921481499
[6972, 14313, 14367] -> 16242	0.8557916588915843
[16242, 14313, 14367] -> 6972	0.789607343082502
[16242, 6972, 14367] -> 14313	0.8238814349070903
[16242, 6972, 14313] -> 14367	0.7753241127183205
[6972, 15205, 4996] -> 16242	0.8739605082622443
[16242, 15205, 4996] -> 6972	0.8283407402381519
[16242, 6972, 4996] -> 15205	0.8080818109610802
[16242, 6972, 15205] -> 4996	0.7942381923060242
[6972, 15205, 5317] -> 16242	0.832017892857911
[16242, 15205, 5317] -> 6972	0.8039566102821994
[16242, 6972, 5317] -> 15205	0.7729020786926512
[16242, 6972, 15205] -> 5317	0.8389643058507178
[6972, 15205, 9340] -> 16242	0.8454491114329723
[16242, 15205, 9340] -> 6972	0.817756281965755
[16242, 6972, 9340] -> 15205	0.8141354881558557
[16242, 6972, 15205] -> 9340	0.7974693151754347
[1905, 5317, 11521] -> 2452	0.8957401401063457
[2452, 5317, 11521] -> 1905	0.8838260662661354
[2452, 1905, 11521] -> 5317	0.7006705839078726
[2452, 1905, 5317] -> 11521	0.8928979218999772
[6037, 1905, 15107] -> 3860	0.7730379720294384
[3860, 1905, 15107] -> 6037	0.8314296345574888
[3860, 6037, 15107] -> 1905	0.9073536288238624
[3860, 6037, 1905] -> 15107	0.8646255950845431
[6037, 1905, 15107] -> 4432	0.781582202838991
[4432, 1905, 15107] -> 6037	0.8471818181818181
[4432, 6037, 15107] -> 1905	0.8983467489275557
[4432, 6037, 1905] -> 15107	0.8623314132370972
[2452, 1905, 15107] -> 6037	0.8289816808595821
[6037, 1905, 15107] -> 2452	0.8031786635355294
[6037, 2452, 15107] -> 1905	0.9150214387234703
[6037, 2452, 1905] -> 15107	0.8613412783180616
[15205, 5317, 9340] -> 6972	0.7898743732139969
[6972, 5317, 9340] -> 15205	0.7871665914415287
[6972, 15205, 9340] -> 5317	0.842000597742373
[6972, 15205, 5317] -> 9340	0.7876405944213855
[14313, 5317, 9340] -> 7234	0.7237016127440336
[7234, 5317, 9340] -> 14313	0.8851920708887654
[7234, 14313, 9340] -> 5317	0.8487065223681926
[7234, 14313, 5317] -> 9340	0.7643569723441295
