[15124, 1905, 15107] -> 11283	0.8014480181502736
[11283, 1905, 15107] -> 15124	0.7957047424501739
[11283, 15124, 15107] -> 1905	0.8737239021314775
[11283, 15124, 1905] -> 15107	0.7875393425424025
[2452, 1905, 11521] -> 11283	0.7545342224150452
[11283, 1905, 11521] -> 2452	0.9191608166641771
[11283, 2452, 11521] -> 1905	0.8927885903044371
[11283, 2452, 1905] -> 11521	0.9071539534409052
[14313, 5317, 9340] -> 12317	0.7385755739355296
[12317, 5317, 9340] -> 14313	0.8486068427439017
[12317, 14313, 9340] -> 5317	0.8363902580782171
[12317, 14313, 5317] -> 9340	0.780595426854711
[15205, 14367, 5317] -> 12470	0.8598313939681786
[12470, 14367, 5317] -> 15205	0.7567350095094781
[12470, 15205, 5317] -> 14367	0.7428169909834133
[12470, 15205, 14367] -> 5317	0.849711932224869
[11283, 1905, 11521] -> 14240	0.8521088732378183
[14240, 1905, 11521] -> 11283	0.7585660222972281
[14240, 11283, 11521] -> 1905	0.9030965746502198
[14240, 11283, 1905] -> 11521	0.937456549492498
[2452, 11521, 15107] -> 14240	0.8802209443099274
[14240, 11521, 15107] -> 2452	0.9604751008468779
[14240, 2452, 15107] -> 11521	0.9649137358991374
[14240, 2452, 11521] -> 15107	0.7712072280256467
[2452, 11521, 4306] -> 14240	0.8888054721388056
[14240, 11521, 4306] -> 2452	0.9627846336551865
[14240, 2452, 4306] -> 11521	0.9666653706079811
[14240, 2452, 11521] -> 4306	0.7063709287899307
[2452, 14410, 11521] -> 14240	0.8832784443332442
[14240, 14410, 11521] -> 2452	0.9640058423826762
[14240, 2452, 11521] -> 14410	0.718834348274915
[14240, 2452, 14410] -> 11521	0.9682979103411324
[6037, 2452, 1905] -> 14240	0.8463095171173196
[14240, 2452, 1905] -> 6037	0.7814689852063327
[14240, 6037, 1905] -> 2452	0.9334581664413883
[14240, 6037, 2452] -> 1905	0.9199511151848456
[6287, 13050, 5317] -> 15582	0.8504499307798801
[15582, 13050, 5317] -> 6287	0.8471660384297142
[15582, 6287, 5317] -> 13050	0.6851022304832715
[15582, 6287, 13050] -> 5317	0.8797407928968661
[12317, 15124, 4996] -> 16242	0.878364220945775
[16242, 15124, 4996] -> 12317	0.784693833641723
[16242, 12317, 4996] -> 15124	0.8098817520679509
[16242, 12317, 15124] -> 4996	0.7406858314970703
[12317, 15124, 5317] -> 16242	0.8247269882767068
[16242, 15124, 5317] -> 12317	0.7453767441860465
[16242, 12317, 5317] -> 15124	0.8049182304014143
[16242, 12317, 15124] -> 5317	0.8136557032463774
[12317, 5317, 9340] -> 16242	0.8597770494777787
[16242, 5317, 9340] -> 12317	0.7694946562871091
[16242, 12317, 9340] -> 5317	0.8422596233961007
[16242, 12317, 5317] -> 9340	0.7616024430425523
[12470, 14367, 5317] -> 16242	0.8588208247121032
[16242, 14367, 5317] -> 12470	0.8504403075426596
[16242, 12470, 5317] -> 14367	0.7661058028431601
[16242, 12470, 14367] -> 5317	0.8469172188501531
[12470, 14367, 9340] -> 16242	0.8787634098511938
[16242, 14367, 9340] -> 12470	0.873533694916809
[16242, 12470, 9340] -> 14367	0.7859198811525725
[16242, 12470, 14367] -> 9340	0.785045188017189
[15124, 12470, 15205] -> 16242	0.8210822414686505
[16242, 12470, 15205] -> 15124	0.8067411994513943
[16242, 15124, 15205] -> 12470	0.8212646231304606
[16242, 15124, 12470] -> 15205	0.7519344560764679
[15124, 6972, 14313] -> 16242	0.8014003819223424
[16242, 6972, 14313] -> 15124	0.8114599072303287
[16242, 15124, 14313] -> 6972	0.769999699214951
[16242, 15124, 6972] -> 14313	0.7834154502147279
[6287, 15124, 5317] -> 16242	0.7250388269034711
[16242, 15124, 5317] -> 6287	0.7078604651162791
[16242, 6287, 5317] -> 15124	0.8246277552612757
[16242, 6287, 15124] -> 5317	0.8516984722144496
[6972, 4996, 5317] -> 16242	0.8646447409246044
[16242, 4996, 5317] -> 6972	0.7975571114631778
[16242, 6972, 5317] -> 4996	0.7794248384293435
[16242, 6972, 4996] -> 5317	0.860791192304298
[1905, 11521, 4306] -> 2452	0.9327587057314788
[2452, 11521, 4306] -> 1905	0.9014133180799849
[2452, 1905, 4306] -> 11521	0.9153647881699483
[2452, 1905, 11521] -> 4306	0.7134314844332105
[1905, 6206, 11521] -> 2452	0.9281803502043701
[2452, 6206, 11521] -> 1905	0.9082772668353806
[2452, 1905, 11521] -> 6206	0.6939270185896046
[2452, 1905, 6206] -> 11521	0.9056053370095022
[2452, 1905, 11521] -> 6037	0.7657200524394729
[6037, 1905, 11521] -> 2452	0.9260416785482086
[6037, 2452, 11521] -> 1905	0.9090369607327204
[6037, 2452, 1905] -> 11521	0.9127775591657765
[14313, 14367, 5317] -> 6972	0.7686807407486108
[6972, 14367, 5317] -> 14313	0.8207021723101356
[6972, 14313, 5317] -> 14367	0.7451362068077656
[6972, 14313, 14367] -> 5317	0.8437791565590596
