12317,15124,12470,14367	0.15169235446876125
12317,15124,14313,5317	0.16102826178858742
12470,6972,14313,15205	0.1549494053383147
14240,2452,1905,11521	0.19279492033345202
14240,3860,2452,11521	0.15320217664294683
14691,15124,2452,11521	0.1539581289867115
15124,12470,2152,5317	0.15912900961912912
15124,14313,5317,9340	0.16633034076165842
15124,6972,14313,5317	0.16378134442896441
15124,6972,14313,9340	0.15084268902452994
15582,6287,2152,5317	0.1631794980726339
15582,6287,5317,7617	0.15388107599299441
16242,12317,12470,4996	0.1601431936175131
16242,12317,12470,5317	0.17549339947395712
16242,12317,12470,9340	0.16285879101770345
16242,12470,15205,4996	0.15649463023934326
16242,12470,15205,5317	0.16879811907394796
16242,12470,15205,9340	0.16051179847934877
16242,12470,4996,14367	0.1558865363429816
16242,15124,14313,15205	0.15393938636661814
16242,15124,4996,5317	0.16370429143524737
16242,15124,6972,4996	0.15320009412960314
16242,15124,6972,5317	0.1687252311069183
16242,6287,12470,5317	0.15485777475119172
6037,1905,11521,15107	0.1557386778955786
6287,15124,14313,5317	0.16064507933334582
7234,12470,14313,5317	0.15520763699293402
8644,6037,1905,15107	0.15542421838067927
