11283,15124,1905,5317	0.15018669732126308
12317,12470,5317,9340	0.1573026454167005
12317,12470,6972,14367	0.1527794264341749
12317,15124,12470,6972	0.15745675140413462
12470,14313,2152,5317	0.15723183996301457
12470,6972,2152,5317	0.15113215837930483
13728,14240,2452,1905	0.15020960496804384
14240,11283,2452,11521	0.1639104602562741
14240,14691,1905,11521	0.1545433152362924
14240,2452,14410,1905	0.1509259895582781
14240,6037,1905,11521	0.1576879103852858
14691,2452,1905,11521	0.16699258000495637
15124,2452,11521,15107	0.15119255126627223
16242,12317,12470,14367	0.1678276678557818
16242,12317,4996,5317	0.15958716255474406
16242,12317,6972,14367	0.1554783637276156
16242,12317,6972,4996	0.15326465204325795
16242,12317,6972,5317	0.16403749357024006
16242,12317,6972,9340	0.15165486922857457
16242,15124,12470,4996	0.1582730966348667
16242,15124,12470,5317	0.17920860327912552
16242,15124,12470,9340	0.16085541318105995
3938,2452,1905,11521	0.15750881423772722
6037,2452,11521,15107	0.1584730179158623
6972,14313,15205,5317	0.1528356542944549
8387,2452,1905,11521	0.15186728558963242
