12317,12470,14313,5317	0.16658232487624663
12317,12470,14313,9340	0.15861254630989047
13728,2452,1905,11521	0.16212574632071955
14240,2452,12155,11521	0.15082394640443658
14240,3938,2452,11521	0.1547036687637576
14313,15205,5317,9340	0.15656960071971662
14691,2452,11521,15107	0.1509301545849655
15124,12470,14313,14367	0.15566370741520527
15124,12470,14313,5317	0.1749769361647185
15124,12470,14313,9340	0.16168217097851054
15124,12470,5317,9340	0.16563686381820492
15124,12470,6972,15205	0.15645506248581287
15124,14313,4996,5317	0.15145911297426637
15124,15205,5317,9340	0.15317302145613498
15124,6972,15205,5317	0.15733180060351237
15582,6287,15124,5317	0.1620091255734721
16242,12317,14313,14367	0.16075337002721846
16242,12317,15124,14313	0.16363348598156144
16242,12470,14313,14367	0.16693218711798896
16242,12470,15205,14367	0.15672578922049443
16242,12470,6972,14313	0.16828998581808413
16242,14313,14367,5317	0.1634231521338473
16242,14313,14367,9340	0.15423302074808046
16242,14313,5317,9340	0.1684690819656427
16242,15124,6972,14367	0.15019919240132532
16242,6972,14313,4996	0.15249620461943109
16242,6972,14313,5317	0.16588884793279313
16242,6972,14313,9340	0.15697360830839524
6287,14313,2152,5317	0.15017420224120087
6287,15124,6972,5317	0.15085518410459214
6972,14313,5317,9340	0.1592539604197514
8644,2452,1905,11521	0.1532771471233202
