11283,15124,2452,11521	0.1513154195535508
12317,12470,14313,14367	0.1583688922486771
12317,15124,6972,5317	0.1557324303555475
12470,14313,14367,5317	0.16397293565658522
12470,14313,14367,9340	0.15522429709968366
12470,14313,4996,5317	0.15841470754223858
12470,15205,5317,9340	0.16035144495188353
12470,4996,14367,5317	0.1506323551768158
12470,6972,15205,5317	0.1621903042343744
12470,6972,15205,9340	0.15409557486739597
14240,15124,2452,11521	0.1671466859923905
14240,15124,2452,1905	0.15600315709022905
14240,2452,1905,15107	0.16151765242435792
14691,11283,2452,11521	0.15051365191622465
15124,6037,1905,15107	0.1520984445707836
16242,12317,15124,14367	0.1550972637857177
16242,12317,15205,5317	0.1547952993508806
16242,12470,5317,9340	0.1726861714866438
16242,12470,6972,14367	0.16150099231760828
16242,15124,12470,6972	0.16774644983537731
16242,15124,14367,5317	0.16158012782466905
16242,15205,14367,5317	0.15169443698210497
16242,4996,14367,5317	0.15654461055959215
16242,4996,5317,9340	0.16037851762535169
3427,15124,12470,5317	0.15380610551262108
