11283,6037,1905,15107	0.1535208011845336
12317,15124,12470,14313	0.16099285906174443
12317,15124,12470,5317	0.1643998508920446
12470,14313,15205,5317	0.1619487326865047
12470,14313,15205,9340	0.15712146675579824
12470,6972,4996,5317	0.15756920712469466
13728,14240,2452,11521	0.15851050315604898
14240,14691,2452,1905	0.15390190112643146
14240,16954,2452,11521	0.15071149068387657
14313,4996,5317,9340	0.15215883745775102
14691,15124,2452,1905	0.15013046946098307
15124,12470,6972,14313	0.16153223001776384
15124,14313,14367,5317	0.1577857885124399
15124,14313,2152,5317	0.15604272484375944
15124,6972,4996,5317	0.15152158837457752
15582,6287,14313,5317	0.15952260464108925
16242,12317,15124,12470	0.16927917965634365
16242,14367,5317,9340	0.15579698826920232
16242,15124,12470,14367	0.16159887044476237
16242,15124,15205,5317	0.1619570627398795
16242,15205,4996,5317	0.15821895128793037
16242,6972,14313,15205	0.15443085951573235
16242,6972,5317,9340	0.16034936243853984
16242,7234,12470,14313	0.1556324697150497
16242,7234,14313,5317	0.15532009271349406
6037,1905,6206,15107	0.15093640212499662
6287,15124,12470,5317	0.1620466108136588
