11283,2452,1905,15107	0.15075522346409434
12317,12470,15205,5317	0.1534208405440358
12317,15124,6972,14313	0.15321050669632166
12470,2152,5317,9340	0.15003467384717267
12470,6972,14367,5317	0.15686948264121003
12470,6972,5317,9340	0.16285670850435974
13728,14240,1905,11521	0.15079270870428102
14240,11283,2452,1905	0.15398728417352334
14240,2452,5317,11521	0.15027416288169868
14313,14367,5317,9340	0.15463911085010276
15124,12470,14313,15205	0.1553388353335874
15124,12470,15205,5317	0.1635814231479688
15124,12470,15205,9340	0.15048033170272537
15124,12470,4996,5317	0.156848657507773
15124,12470,6972,5317	0.1698914385793927
15124,12470,6972,9340	0.1524378942458074
15124,6972,5317,9340	0.15429341363504787
15124,7234,14313,5317	0.15110300319249295
15582,6287,12470,5317	0.15414347267430117
16242,12317,12470,6972	0.1693083348431555
16242,12317,14313,15205	0.15413097759423894
16242,12317,14367,5317	0.16153223001776384
16242,12470,14313,15205	0.1632357259329139
16242,14313,4996,5317	0.1624860211291804
16242,14313,4996,9340	0.1530855558956994
16242,15124,14313,4996	0.1528439843478297
16242,15124,14313,5317	0.17189065138934878
16242,15124,14313,9340	0.15853341080282973
16242,15124,6972,15205	0.15628221387828542
16242,15205,5317,9340	0.15846677037583118
16242,3427,15124,5317	0.150088819194109
16242,6972,14313,14367	0.15281274664767414
16242,6972,15205,4996	0.15254618493968
16242,6972,15205,5317	0.16113655248246003
16242,6972,15205,9340	0.15316677391610387
2452,1905,5317,11521	0.15470991630378872
3860,6037,1905,15107	0.15355828642472028
4432,6037,1905,15107	0.15525553479983922
6037,2452,1905,15107	0.15954551228786998
6972,15205,5317,9340	0.1525420199129926
7234,14313,5317,9340	0.1526982084137704
