11283,15124,1905,15107	0.15007215908735935
11283,2452,1905,11521	0.16660315000968368
12317,14313,5317,9340	0.15583655602273272
12470,15205,14367,5317	0.15080520378434326
14240,11283,1905,11521	0.15444960213582568
14240,2452,11521,15107	0.16958114409118077
14240,2452,11521,4306	0.15532425774018147
14240,2452,14410,11521	0.15806484530049628
14240,6037,2452,1905	0.1567611919473374
15582,6287,13050,5317	0.1535166361578462
16242,12317,15124,4996	0.15190268831647538
16242,12317,15124,5317	0.16686762920433412
16242,12317,5317,9340	0.1578878316662814
16242,12470,14367,5317	0.17114927663899007
16242,12470,14367,9340	0.15864586652338974
16242,15124,12470,15205	0.16169466605857277
16242,15124,6972,14313	0.15993494228314267
16242,6287,15124,5317	0.1584688528891749
16242,6972,4996,5317	0.16249643369589892
2452,1905,11521,4306	0.15752755685782058
2452,1905,6206,11521	0.15322091926304018
6037,2452,1905,11521	0.16907301083531692
6972,14313,14367,5317	0.15066775790365877
