11283,2452,11521,15107	0.15012630443429567
12317,12470,14313,15205	0.15214425986434507
12317,12470,6972,14313	0.15870209438366975
12317,14313,14367,5317	0.15434547646864047
12317,6972,14313,5317	0.1553929806805237
12470,14367,5317,9340	0.15545337356749114
12470,15205,4996,5317	0.1542580109082049
12470,6972,14313,14367	0.15331879739019427
14240,1905,11521,15107	0.1619049999062869
15124,14313,15205,5317	0.15706732140886193
15124,2452,1905,11521	0.16987477847264307
15582,6287,5317,14538	0.1620528583536899
16242,12317,12470,14313	0.17259662341286452
16242,12317,15124,15205	0.15137372992717452
16242,12317,6972,14313	0.16157388028463793
16242,12470,14313,4996	0.16091788858137107
16242,12470,14313,5317	0.17928982129952997
16242,12470,14313,9340	0.17007469975363868
16242,12470,4996,5317	0.17042039696869357
16242,12470,4996,9340	0.15732347055013754
16242,12470,6972,15205	0.16448523393913647
16242,12470,6972,4996	0.1603847651653828
16242,12470,6972,5317	0.17523933284602522
16242,12470,6972,9340	0.16235274027518332
16242,15124,14313,14367	0.1553867331404926
16242,15124,5317,9340	0.163573093094594
2452,1905,11521,15107	0.17486031541747105
3860,2452,1905,11521	0.15859380368979714
4432,2452,1905,11521	0.15324174439647723
6037,1905,2372,15107	0.15277526140748746
6287,15124,2152,5317	0.15238791392555848
