12317,12470,14367,5317	0.1588145501042298
12317,12470,4996,5317	0.15320842418297795
12317,12470,6972,15205	0.1511758911595226
12317,12470,6972,5317	0.16133022622342452
12317,12470,6972,9340	0.150532394536318
12470,14313,5317,9340	0.17233006170487036
12470,4996,5317,9340	0.15604480735710313
12470,6972,14313,5317	0.16772562470194027
12470,6972,14313,9340	0.1595538423412448
14240,14410,1905,11521	0.15133416217364412
14240,14691,2452,11521	0.1645914421196654
14240,15124,1905,11521	0.15728598530995086
14240,2452,3962,11521	0.15537423806043038
14240,6037,2452,11521	0.16467266014006984
15124,12470,14367,5317	0.1601327810507946
15124,16377,14313,5317	0.15089266934477882
15124,2452,1905,15107	0.15143620532748564
15582,6287,1145,5317	0.16563894633154863
15582,6287,5317,11149	0.15071773822390766
16242,12317,12470,15205	0.16143851691729716
16242,12317,14313,4996	0.1545433152362924
16242,12317,14313,5317	0.1682691606846471
16242,12317,14313,9340	0.15947887186087145
16242,12317,15124,6972	0.16090331098796515
16242,12317,6972,15205	0.15400394428027298
16242,12470,2152,5317	0.15772123059878507
16242,14313,15205,5317	0.15954551228786998
16242,14313,15205,9340	0.15500146817190733
16242,15124,12470,14313	0.17082856958405962
16242,6972,14367,5317	0.15716936456270345
16242,7234,12470,5317	0.15223380793812435
16954,2452,1905,11521	0.15257325761314816
2452,12155,1905,11521	0.15321675423635278
2452,14410,1905,11521	0.16329820133322503
2452,1905,3962,11521	0.1599495198765486
6287,12470,14313,5317	0.15285023188786082
