10042,12470	0.15349581102440915
10042,3860	0.15565745987517415
10042,3962	0.16084500061434143
10550,1905	0.17210306775040662
10947,12155	0.16643030140215623
10947,2372	0.15585946366951348
10947,6206	0.15843553267567562
11064,14454	0.1794001945067463
11064,175	0.1535749465314699
11064,2122	0.16279839813073602
11064,4432	0.17198019946312806
11064,5317	0.20005247933626136
11064,9340	0.15476406165072504
11077,1905	0.15341459300400467
11089,12155	0.15300850290198234
11089,3962	0.20725589299213434
11283,1220	0.16221321188115512
11283,12582	0.17594946989622837
11283,13359	0.15258158766652297
11283,14574	0.16150099231760828
11283,16377	0.2444787364975041
11283,16668	0.177388486616728
11283,571	0.21715616142810434
11283,7745	0.1633815018669732
1145,4996	0.15303349306210678
1145,5317	0.24406015131541955
1145,9340	0.16609501675381985
11521,1180	0.15128834688008264
11521,13081	0.16589509547282424
11521,16879	0.16350437015425176
11521,4306	0.19142462655329465
11781,5317	0.15447042726926272
12155,11521	0.1824469115285856
12155,13081	0.1638167471558074
12155,14410	0.17409395050698787
12155,5317	0.17759882046444211
12155,571	0.15265864066024004
12161,3624	0.15211926970422063
12232,2372	0.15089475185812254
12232,6206	0.16799426892327812
12293,11064	0.1558782062896068
12317,13462	0.15788158412625028
12317,13651	0.19638725585134187
12317,16954	0.19345507706340628
12317,1798	0.16100743665515035
12317,2152	0.19533558661277123
12317,2782	0.1677318722419714
12317,4306	0.17624726930437806
12317,571	0.16227985230815367
12470,13651	0.2066498816091164
12470,16765	0.15276276632742525
12470,16954	0.1958270597618854
12582,11064	0.1575025666976961
12582,14454	0.1686648382199509
12582,4432	0.17500400883818662
12582,5317	0.17583493166232464
12672,14367	0.16113863499580375
12672,2152	0.17019548552757352
12785,1905	0.16517871088258998
12911,12470	0.1964976290585582
12911,6287	0.19521271832549267
12918,16954	0.16319824069272723
12918,17560	0.15120921137302187
12918,4432	0.16120111039611487
12918,5317	0.20336367555275112
12918,9340	0.158622958876609
13050,11283	0.17795493024621556
13050,1145	0.1792440060059685
13050,14313	0.17850679628229718
13050,14538	0.20509007911468194
13050,3860	0.18182632255216175
13050,3962	0.1520088964970043
13462,5317	0.19151625714041762
13462,7234	0.16540986986374115
13462,9340	0.15981415650920783
13728,10947	0.15552417902117707
13728,11283	0.22944299015595943
13728,11337	0.15776079835231543
13728,12918	0.18252604703564637
13728,14313	0.2150778131110875
13728,14538	0.15027208036835496
13728,14550	0.19067283923621742
13728,17157	0.19583538981526025
13728,2452	0.20319290945856736
13728,3106	0.16084291810099774
13728,6037	0.19687039894708125
13728,7624	0.19122887029898644
13728,8644	0.17309642661535354
13763,1905	0.16071171976034437
14240,12582	0.1548036294042554
14240,16377	0.1634689674274088
14240,2782	0.165474427777396
14240,4306	0.17432510948813904
14312,4306	0.16544319007724043
14313,14621	0.16191957749969282
14313,15107	0.19946521057333674
14313,1905	0.22861414984516512
14313,7617	0.18442946423179207
14367,15107	0.15379152791921513
14367,2152	0.18869028653301095
14367,4306	0.15525345228649554
14410,2152	0.15303765808879422
14410,4306	0.18074133310009183
14454,5317	0.17631807475806402
14538,4306	0.15925187790640769
14550,16668	0.1520567943039095
14550,1905	0.20984862210504615
14550,5862	0.15370614487212328
14621,15107	0.17900035194475508
14621,2152	0.153876910966307
14621,2782	0.16177171905228982
14621,4306	0.18104746256161636
14691,12155	0.16357517560793772
14691,12785	0.15742343119063534
14691,15755	0.15311054605582386
14691,3427	0.16374594170212145
14691,4432	0.17354416698424996
14691,5317	0.19608945644319217
14691,6196	0.1559719193900735
14691,8782	0.15277734392083117
14691,9340	0.15920398009950248
15062,11283	0.16341482208047248
15062,1905	0.15502021079200065
15124,1220	0.17442923515532427
15124,12470	0.2799522687941623
15124,14312	0.1921430936568726
15124,7745	0.15531801020015035
15205,1307	0.18785311616884184
15205,15107	0.1996838744744257
15205,15887	0.1579315644464992
15205,3962	0.1733713183767225
1542,4656	0.1606742345201577
15582,12582	0.15338960284388023
15582,14574	0.15012838694763936
15582,16377	0.19863428774919875
15582,17355	0.15456205785638572
15582,2152	0.21167706882081846
15582,2782	0.15145703046092268
15582,4306	0.17316306704235207
15755,5317	0.1768928484409264
15788,1905	0.1558261434560142
16242,11677	0.20389679896873938
16242,15124	0.2822117957720814
16242,15205	0.24791488351461613
16242,2452	0.16919171409590808
16242,3106	0.17690742603433232
16242,6037	0.17701571672820493
16242,7624	0.19995876623579464
16377,1180	0.15301058541532606
16377,12232	0.16085124815437254
16377,13651	0.17785913463240516
16377,16954	0.20072513114627782
16377,2152	0.2079701950690249
16377,2782	0.19634144055778038
16377,4123	0.16216739658759363
16377,4306	0.2221875136664938
16384,11677	0.1521505074043762
16384,15124	0.209934005152138
16384,15205	0.1770386243749857
16384,1905	0.18706384361157793
16882,15107	0.16852739233926642
16882,3860	0.18104121502158524
16954,14312	0.1527794264341749
16954,3962	0.16936872773012293
17088,11521	0.16025773185141684
17088,14410	0.15938932378709217
17088,16879	0.15966213303511742
17088,6206	0.16066382195343917
17157,12470	0.16566393649167308
17157,14312	0.15035746341544684
17157,4656	0.15203180414378506
17157,6972	0.1662178850410984
17169,15124	0.19124344789239237
17169,15205	0.21016308161994549
17169,3938	0.16340649202709767
17169,6287	0.16280464567076713
17355,4306	0.15059695244997282
17560,5317	0.1569090503947404
17627,5317	0.1584167900555823
1798,11283	0.16385214988265037
1798,14313	0.16731745208657425
1798,5317	0.17801115810649557
1905,11521	0.2505430153543709
1905,1180	0.17594322235619725
1905,13081	0.20053978745868814
1905,16879	0.19595409307585138
1905,2152	0.20070638852618447
1905,3151	0.16950617361080741
1905,4306	0.22479065534612414
1905,758	0.1554971063477089
1962,1220	0.16025981436476056
1962,12232	0.15422052566801822
1962,3938	0.18311539831191467
2152,11521	0.15942056148724773
2152,13081	0.15163820912182494
2152,16879	0.1763722201050003
2152,4656	0.16579721734567016
2452,11337	0.1511279933526174
2452,14538	0.15678409959411815
2452,4996	0.15129459442011375
2452,5317	0.20460693601894253
2452,9340	0.16590342552619905
2782,14454	0.15366241209190548
2782,571	0.17413560077386195
2782,8904	0.16451022409926092
2862,2452	0.17868589242985575
2862,6037	0.17550172952733195
2862,7624	0.1678235028290944
3106,16377	0.18363602664784073
3106,2152	0.18154310073741797
3106,2782	0.15081353383771806
3106,4306	0.18138691223664016
3427,11521	0.1648934065545025
3427,14410	0.15781702621259547
3427,2452	0.16481427104744173
3427,3106	0.15383109567274553
3427,6037	0.16113030494242891
3427,7624	0.16722790401279497
3624,11521	0.18295087975776206
3624,13081	0.17403147510667674
3624,14410	0.15958716255474406
3624,1962	0.1640020908433971
3624,6972	0.15579282324251492
3860,11089	0.17187607379594286
3860,11677	0.15638633954547063
3860,15205	0.20153939386366618
3860,2452	0.1947858030900333
3860,5401	0.16545985018399006
3860,6037	0.20431538415082395
3860,7624	0.1792627486260618
3938,10583	0.15468076111697684
3938,12155	0.19357586283734113
3938,4432	0.18114742320211416
3938,4996	0.15064485025687802
3938,5317	0.20739333887281883
3938,9340	0.15973918602883447
3962,15107	0.19343216941662553
4123,14313	0.17394192703289746
4123,3860	0.15023459512816828
4306,11677	0.15473907149060057
4356,1905	0.17044746964216173
4432,1307	0.15619474831784985
4432,3962	0.1712242471193634
4656,11521	0.15297310017513938
4656,16879	0.1865057300354652
4996,15107	0.16699466251830009
5085,1905	0.1797000764282397
5317,13359	0.15601148714360388
5317,607	0.16344814229397175
5317,8904	0.17378157350543225
5401,15107	0.1641603618575186
5496,12918	0.15412056502752042
5496,14313	0.19054788843559514
5496,14538	0.15246913194596295
5862,5317	0.16088456836787182
5926,15107	0.16475387816047432
5926,4306	0.16208409605384547
5926,571	0.18451692979222764
6037,10550	0.1524982871327748
6037,14621	0.16968735227170967
6037,15107	0.23267921589207582
6037,1905	0.24787323324774205
6037,4356	0.16045557061906873
6134,15205	0.1806142997861259
6134,4306	0.15080103875765585
6196,1905	0.15857922609639122
6206,11521	0.1856144143243598
6206,16879	0.16782975036912548
6206,30	0.16155513766454457
6287,10042	0.16118861531605264
6287,1145	0.22964707646364244
6287,11521	0.18311539831191467
6287,13081	0.1605846864463784
6287,14149	0.15172359216891682
6287,14410	0.17318597468913283
6287,16879	0.20191841129222035
6287,17308	0.16385214988265037
6287,3860	0.20011911976325988
6287,3962	0.18270930820989237
6287,4577	0.16473930056706837
6287,6386	0.2073912563594751
6386,11283	0.18495217508106182
6386,13050	0.15491816763815913
6386,14313	0.19828859053414385
6386,14538	0.15473282395056948
6386,2152	0.20668320182261568
6386,4123	0.1559698368767298
6386,4306	0.1532250842897276
6692,14313	0.19059995126918775
6971,14621	0.1567653569740248
6971,15107	0.18187005533237954
6971,4640	0.1538623333729011
6971,6206	0.16100951916849407
6971,6797	0.1578857491529377
6972,12672	0.17247167261224225
6972,14367	0.22304134413741256
6972,14454	0.15096972233849587
6972,4996	0.22408260080926468
6972,5317	0.2703518822796857
6972,6844	0.16810047710380704
6972,9340	0.23612161044921895
7234,4432	0.15087184421134178
7234,4996	0.18617877544050362
7234,5317	0.24017001638938001
7234,9340	0.2070413941177328
7617,16879	0.17207599507693846
7624,11337	0.15535757795368074
7624,14538	0.15801486498024736
7624,14712	0.15491816763815913
8387,11064	0.15556374677470747
8387,14454	0.15630720403840986
8387,14691	0.17355041452428108
8387,2452	0.1846002303259758
8387,6037	0.18715755671204462
8387,8644	0.17351501179743808
8596,15124	0.15184229542950797
8596,2862	0.15394355139330554
8644,14621	0.15442669448904495
8644,15107	0.21332433687568852
8644,3860	0.19357169781065373
8644,3962	0.17187815630928654
8644,6134	0.15864586652338974
8782,12232	0.19066867420953
8782,3860	0.16551607804427007
9340,11677	0.19272203236642238
9756,1905	0.16316492047922798
9960,12470	0.15061361255672245
9960,5317	0.1629920718717005
