10042,11064	0.16084083558765402
10042,11781	0.16360224828140588
10042,6972	0.15205887681725322
10947,11283	0.17491446076440734
10947,14313	0.1532354968564461
10947,1905	0.2035552667803719
11064,11521	0.18345068296025108
11064,14410	0.1671092007522038
11064,16879	0.1762139490908788
11064,6206	0.1639208728229926
11089,14313	0.16202370316687803
11283,11089	0.1910143714245849
11283,11677	0.16609709926716357
11283,15124	0.2516779851266897
11283,15205	0.20856787639866803
11283,16882	0.15873124957048163
11283,2862	0.2050734190079323
11283,5496	0.17761131554450435
11283,8904	0.19841978887479722
11283,9756	0.16169466605857277
11337,15107	0.16173423381210314
11337,571	0.16708421059207937
11443,11521	0.1658701053126998
11443,14410	0.15202555660375394
11443,3962	0.15726932520320125
1145,14313	0.18531869742955379
1145,14538	0.18951704433046154
1145,6206	0.15209636205743987
11781,15107	0.15420386556126858
12155,2372	0.18607256725997473
12155,6206	0.16772354218859659
12161,14454	0.1559719193900735
12161,4432	0.1552930200400259
12161,5317	0.1558865363429816
1220,14454	0.15104885784555663
12232,1905	0.20575440087132357
12232,3282	0.15384983829283885
12317,1145	0.15351455364450248
12317,1307	0.16412495913067562
12317,15107	0.1775904904110673
12317,3860	0.16608252167375762
12317,3962	0.15047200164935057
12317,6386	0.16848782458573602
12470,14621	0.15498064303847026
12470,15107	0.18296545735116798
12470,4432	0.17433552205485756
12470,4996	0.227720751620716
12470,5317	0.2886301018973779
12470,607	0.1519047708298191
12470,6844	0.1697040123784593
12470,9340	0.24906026585365346
12582,11521	0.16366055865502957
12582,2372	0.16542236494380338
12582,6206	0.16968318724502227
12785,11521	0.15406850219392781
12785,14410	0.1508801742647166
12870,1905	0.1586708566835142
12911,12672	0.16685929915095932
12911,14367	0.17854011649579646
12918,14621	0.15938932378709217
12918,15107	0.18075382818015406
12918,607	0.15335211760369355
12918,6206	0.1577462207589095
13050,1962	0.16796094870977885
13050,4656	0.1523504286853718
13050,6972	0.15149451570110936
13462,14313	0.190041837693075
13651,1905	0.16562436873814268
13728,1220	0.1508218638910929
13728,12232	0.1555824893948008
13728,13651	0.15652586793949883
13728,16954	0.18750950146713066
13728,3938	0.17653673865915295
13728,571	0.19196191499597035
13728,6287	0.18962116999764675
14240,11089	0.1621465714541566
14240,15124	0.19671629295964713
14240,15205	0.17580577647551276
14240,3860	0.1758203540689187
14240,3962	0.17554546230754975
14312,11521	0.16136146392358008
14312,16879	0.1591623298326284
14313,16668	0.17397108221970933
14313,2152	0.23384958839123762
14313,2782	0.20103334312114604
14313,4306	0.20079593659996375
14367,1307	0.15570119265539195
14410,14312	0.15878747743076163
14410,3962	0.1771052648019842
14454,11521	0.18543948320348863
14454,13081	0.15556166426136375
14454,2372	0.16429780773820307
14454,571	0.17384196639239965
14454,6206	0.16065549190006434
14550,11089	0.1587166719770757
14550,1180	0.15360410171828176
14550,15205	0.16719250128595198
14550,2152	0.16271301508364414
14550,2782	0.18726168237922985
14550,4306	0.20475271195300185
14621,3962	0.1973826972296325
14644,1905	0.15389981861308777
14691,10947	0.15447250978260643
14691,11283	0.20935090141590082
14691,11337	0.15601148714360388
14691,12918	0.1905728785957196
14691,14313	0.18656820543577632
14691,14550	0.1815451832507617
14691,17157	0.17846306350207938
14691,2372	0.1552930200400259
14691,4640	0.15169027195541757
14691,571	0.19063118896934333
14691,6206	0.17005803964688904
14691,6971	0.1766012965728078
15124,11064	0.21258504463867353
15124,11781	0.1675402810143506
15124,12672	0.19039169993481733
15124,14367	0.2455449833294807
15124,14454	0.19012097320013577
15124,17088	0.1827322158566731
15124,2862	0.19386533219211602
15124,5496	0.22920766614812085
15124,8904	0.1764617681787796
15124,9471	0.15132583212026932
15124,9756	0.18178258977194398
15205,1428	0.15565537736183044
1542,7624	0.16271301508364414
15471,1905	0.16589926049951165
15582,11089	0.15662999360668403
15582,11149	0.21072744273608934
15582,1145	0.2183140388472039
15582,11677	0.15708814654229897
15582,15124	0.22922016122818306
15582,15205	0.20352819410690373
15582,3860	0.19306356455478987
15582,3962	0.16706338545864233
15582,4745	0.1524462242991822
15582,6386	0.17843599082861122
15887,1905	0.15137372992717452
16242,1220	0.15182980034944574
16242,12470	0.27169718589971864
16242,14312	0.15208178446403395
16242,3938	0.1631753330459465
16242,6287	0.22814558434283166
16242,6692	0.18976069839167495
16377,1145	0.16375218924215257
16377,14621	0.17158243941448054
16377,15107	0.19825527032064458
16377,3860	0.19146419430682501
16377,3962	0.17653257363246555
16384,12470	0.19148293692691837
16384,14312	0.15037620603554017
16384,1798	0.1600952958106079
16384,2152	0.16761316898138026
16384,2782	0.16664063524987036
16384,4306	0.1786609022697313
16668,15107	0.15329380723006983
16668,1905	0.1638250772091822
16954,11781	0.17659504903277667
16954,14367	0.17095352038468187
16954,14454	0.15113632340599223
17088,15755	0.15011172684088972
17088,1905	0.19043335020169141
17088,571	0.1727319867802053
17157,11064	0.17094727284465075
17157,17088	0.15184229542950797
17157,2452	0.17217803823077996
17157,6037	0.1712117520393012
17157,7624	0.1686690032466383
17157,8644	0.15626555377153578
17169,12470	0.1761660512839736
17169,5496	0.17284860752745274
17324,5317	0.15272111606055117
17355,15107	0.17281945234064086
17355,3860	0.16915214634237768
17355,6134	0.167931793522967
17560,571	0.15179439762260277
17627,11443	0.16674476091705556
1798,16954	0.15762543498497467
1905,10730	0.1633273565200369
1905,12338	0.1516527867152309
1905,1307	0.16855238249939086
1905,3962	0.22895776454687633
1905,4745	0.15586154618285716
1962,15107	0.18398172386289566
1962,5496	0.16733202967998018
1962,9756	0.15008673668076528
2372,4306	0.16054303617950433
2452,10168	0.1521546724310636
2452,11443	0.16519537098933962
2452,12232	0.16853363987929754
2452,2372	0.17172196780850874
2452,571	0.18913594438856368
2452,6206	0.19177865382172438
2782,11521	0.18211370939359295
2782,13081	0.1519089358565065
2782,14410	0.1656306162781738
2782,16879	0.16507458521540477
2782,4996	0.15187145061631982
2782,5317	0.19622273729718923
2782,9340	0.1648080235074106
2862,14313	0.16981646809901935
2862,14550	0.18843413739173534
3106,1145	0.15160488890832569
3106,15124	0.21156044807357102
3106,15205	0.16560979114473676
3106,3860	0.15992869474311155
3427,3938	0.15335628263038095
3427,6287	0.1769011784943012
3624,12155	0.16767772689503507
3624,2452	0.180916264220963
3624,6037	0.1901251382268232
3624,7624	0.15493691025825249
3624,8644	0.17012051504720016
3825,1905	0.15245871937924443
3860,1220	0.16438319078529495
3925,5317	0.1501408820277016
3938,10947	0.1899335469992024
3938,11283	0.20203294952612408
3938,12918	0.15998700511673528
3938,14313	0.17700322164814272
3938,14538	0.1656347813048612
3938,14550	0.16664480027655776
3938,2372	0.17869630499657427
3938,6206	0.1843065959445135
3938,6971	0.15732347055013754
3962,2152	0.1594039013804981
3962,4306	0.18507296085499667
4432,1428	0.15304807065551274
4432,14367	0.15226088061159251
4432,14454	0.18239693120833672
4432,4656	0.15263573301345928
4432,6972	0.17271116164676825
457,15205	0.15301891546870086
457,2452	0.1564279898123447
457,6037	0.15907278175884912
4640,14313	0.16297332925160718
4640,14550	0.17149497385404497
4640,8904	0.16191124744631802
5054,5317	0.1630316396252309
5317,11149	0.2043424568242921
5317,11677	0.21416775477988875
5317,6859	0.15047408416269428
5317,9340	0.2731320375935309
5496,16954	0.16831914100489598
5496,4432	0.1796521786213345
5496,4996	0.1684253491854249
5496,5317	0.20764948801409444
5496,7234	0.15197141125681762
5496,9340	0.17291524795445126
5862,14454	0.15670704660040108
5926,16377	0.15174233478901017
5926,3860	0.15025958528829272
6037,1180	0.15707356894889304
6037,13359	0.1594018188671544
6037,2152	0.16918130152918956
6037,2782	0.18008325888348128
6037,4306	0.1959041127556025
6134,3860	0.1621965517744055
6287,12155	0.1614135267571727
6287,13763	0.16235898781521443
6287,1542	0.1875344916272551
6287,15755	0.17079733188390406
6287,16139	0.16277132545726786
6287,1962	0.17978129444864419
6287,4656	0.1941464714935161
6287,6972	0.21704578822088802
6386,1145	0.15569911014204824
6386,16954	0.15341875803069208
6386,3860	0.16292334893135826
6692,6287	0.17368577789162185
6971,16377	0.16780684272234475
6971,1905	0.19992336350895168
6972,11521	0.17475827226362953
6972,13081	0.17385654398580558
6972,14149	0.1668134838573978
6972,14410	0.16578888729229532
6972,16879	0.17217595571743627
6972,6206	0.15326256952991427
7624,13651	0.17118676187917675
7624,16765	0.15359785417825064
8387,11521	0.17958137316764858
8387,14410	0.1703287663815706
8387,3938	0.15495981790503321
8387,571	0.1602868870382287
8387,6287	0.15257950515317928
8644,13359	0.16595132333310425
8644,16377	0.17399607237983378
8644,4656	0.1531397012426357
8644,6972	0.1528939646680786
8782,15107	0.1697040123784593
9340,4306	0.17246334255886744
9756,15205	0.16677808113055484
9756,2152	0.17495194600459402
9960,11064	0.15036162844213424
9960,14691	0.15596775436338609
