10042,16954	0.19867385550272915
10042,4432	0.15119879880630335
10042,5317	0.17223010106437256
10358,15107	0.1604368279989754
10947,11089	0.1662178850410984
10947,15124	0.1770865221818909
10947,15205	0.17085355974418406
10947,2452	0.1691063310488162
10947,6037	0.1721905333108422
10947,8644	0.15697569082173893
11064,14621	0.15361451428500028
11064,15107	0.19205771060978072
11064,4656	0.1657222468652968
11064,6972	0.16947493591065185
11089,15205	0.15825851904146077
11089,5317	0.1875428216806299
11283,10583	0.15250453467280592
11283,1180	0.17480825258387844
11283,12155	0.17693449870780048
11283,12785	0.15064901528356542
11283,13763	0.16909591848209768
11283,15755	0.1883091865911131
11283,16139	0.16026189687810424
11283,2152	0.20928634350224598
11283,2782	0.21985509872154504
11283,4123	0.16397501816992893
11283,4306	0.23348306604274566
11443,15107	0.15482237202434876
1145,11149	0.17516852739233926
1145,15205	0.16360641330809328
1145,6972	0.16099285906174443
11521,13359	0.15059903496331653
11521,8904	0.15766500273850503
12161,12232	0.16035560997857093
12161,3860	0.15899989379181947
12317,11064	0.16645320904893698
12317,12672	0.1676943870017847
12317,14367	0.22901190989381265
12317,14691	0.16771521213522175
12317,17169	0.1644539962389809
12317,2862	0.1525545149930548
12317,3624	0.15197141125681762
12317,5496	0.17406479532017602
12317,9756	0.15115714853942927
12470,11064	0.16914798131569028
12470,12672	0.18298211745791762
12470,1307	0.16851489725920418
12470,14367	0.24083433814602168
12470,17088	0.15551376645445855
12470,3860	0.17843807334195494
12470,3962	0.16150515734429569
12582,10550	0.16404374111027117
12582,15107	0.182042903939907
12911,13462	0.1511633960794604
12911,2152	0.17747178715047618
12911,4306	0.15712146675579824
12918,11064	0.17329010035631803
12918,14367	0.15290021220810973
12918,17088	0.1576837453585984
12918,4656	0.1687647988604487
12918,6972	0.17503524653834218
13050,12470	0.15915191726590988
13050,4432	0.1655369031777071
13050,5317	0.22610263875265782
13050,9340	0.15584072104942012
13081,11677	0.15414555518764486
13462,15124	0.17242793983202448
13462,15205	0.15270029092711412
13462,6972	0.15569286260201712
13651,14367	0.18162431875782245
13728,12470	0.18894851818763028
13728,14312	0.1733275855965047
13728,1905	0.23117355874457765
13728,5862	0.1555408391279267
13763,15107	0.1514632780009538
14149,14367	0.1507260682772825
14240,12155	0.17393567949286634
14240,2862	0.15763376503834947
14240,3624	0.17245501250549264
14240,5496	0.16572432937864048
14312,15107	0.164404015918732
14312,571	0.16085541318105995
14313,11521	0.19107684682489604
14313,13081	0.19129342821264128
14313,14149	0.17715732763557682
14313,14410	0.17331092548975507
14313,16879	0.1946483572093488
14367,13081	0.15134249222701895
14410,571	0.17144291102045237
14454,15107	0.19082486271030782
14538,11149	0.18387759819571045
14550,12155	0.1520172265503791
14550,15755	0.15245871937924443
14574,2152	0.15753380439785167
14621,11521	0.17461249632957024
14621,14410	0.16501419232843734
14621,16879	0.15406017214055298
14691,11089	0.17134295037995456
14691,11677	0.1522088177779999
14691,15124	0.22280393761623027
14691,15205	0.17237171197174445
14691,4656	0.1594059838938418
14691,6972	0.1784089181551431
15107,571	0.1985655648088565
15124,10168	0.1667114407035563
15124,11443	0.16541611740377227
15124,1180	0.15811899064743257
15124,12232	0.1790586623183788
15124,13651	0.2117853595146911
15124,16765	0.17045996472222397
15124,16954	0.2232537604984704
15124,17560	0.1681275497772752
15124,191	0.15599482703685424
15124,2152	0.23268129840541954
15124,2782	0.20482768243337518
15124,4123	0.1691104960755036
15124,4306	0.22366609814052382
15205,11521	0.19026258410750768
15205,13081	0.2135138455899656
15205,14149	0.1505407245896928
15205,14410	0.17065988600321957
15205,16879	0.16355435047450068
15205,4996	0.2226290064953591
15205,5317	0.2700082675779745
15205,571	0.16209242610722027
15205,6844	0.1650287699218433
15205,9340	0.24024498686975337
1542,14313	0.15512641897252957
1542,6206	0.15019086234795048
15471,6037	0.1555824893948008
15582,12155	0.15108009554571222
15582,12317	0.1808267161471837
15582,12911	0.17662212170624483
15582,5496	0.1611740377226467
15582,571	0.16535780703014855
15582,9756	0.16017443131766868
15755,4656	0.15071357319722026
15755,571	0.16350645266759548
16242,11283	0.20264104342248573
16242,12918	0.16904593816184876
16242,13050	0.15454539774963608
16242,13728	0.18584140827882353
16242,14313	0.26349208332552393
16242,14538	0.1702454658478224
16242,14550	0.16464142243991428
16242,14712	0.19304690444804026
16242,17157	0.1594955319676211
16242,1905	0.2078244191349656
16242,7617	0.16514747318243442
16242,9960	0.15263156798677188
16377,11064	0.18584557330551096
16377,12672	0.17989791519589163
16377,14367	0.19154332981388578
16377,14454	0.1583772223020519
16377,17088	0.16698216743823785
16377,2862	0.18251146944224045
16377,571	0.1916932707746325
16377,8904	0.17216554315071775
16377,9756	0.15978083629570858
16384,11283	0.19482745335690738
16384,12918	0.15973918602883447
16384,14313	0.19794705834577636
16384,14550	0.16562020371145528
16384,17157	0.15806484530049628
16384,6287	0.18531869742955379
16668,7624	0.1667051931635252
16879,571	0.18739704574657062
16882,11521	0.15144037035417304
16882,4432	0.15916857737265952
16882,5317	0.16904385564850508
16954,13651	0.1624901861558678
16954,4996	0.1711242864788656
16954,5317	0.21532979722567572
16954,9340	0.17799658051308964
17088,2452	0.16415203180414378
17088,6037	0.16554939825776935
17088,7624	0.16183211193925726
17157,16954	0.16204036327362767
17157,4640	0.15376237273240329
17157,571	0.1722946589780274
17157,6206	0.15422885572139303
17157,6971	0.15692154547480264
17169,10947	0.15748798910429018
17169,11283	0.16829623335811525
17169,14313	0.18290089943751314
17169,2152	0.1576899928986295
17308,15107	0.15290854226148454
17308,5317	0.18215744217381072
17355,3624	0.15798987482012292
17355,5496	0.16734035973335498
1798,12470	0.16305246475866794
1798,6972	0.1601973389644494
1905,13359	0.18192003565262843
1905,1470	0.15244414178583848
1905,607	0.16173215129875945
1905,8904	0.1855665165174546
1905,9471	0.1653328168700241
191,11521	0.1594517991874033
191,14410	0.15081353383771806
1962,14454	0.15855423593626677
1962,17088	0.15064901528356542
1962,2152	0.17289858784770162
1962,4306	0.1639541930364919
1962,571	0.1537707027857781
2152,6206	0.1651412256424033
2452,14312	0.16388755260949334
2452,4656	0.15790240925968732
2782,15107	0.1870055332379542
2782,3962	0.16545360264395895
2862,11089	0.15296477012176454
2862,15205	0.15611769532413278
2862,1905	0.19954642859374122
2862,5862	0.15300850290198234
3106,2862	0.15423302074808046
3427,16377	0.17264452121976973
3427,1905	0.18980234865854903
3624,12582	0.17292566052116978
3624,16377	0.16623038012116062
3624,2372	0.17029128114138392
3624,571	0.1541101524608019
3624,6206	0.16155097263785717
3860,11337	0.16035977500525836
3860,14313	0.1946837599361918
3860,14538	0.1859705241061332
3860,1905	0.24134871894191662
3860,2391	0.1506302726634721
3860,7617	0.16035352746522724
3925,3860	0.15333754001028763
3938,11089	0.18594345143266505
3938,15124	0.20521711242864787
3938,15205	0.20259106310223682
3938,16882	0.1514112151673612
3938,6972	0.1638542323959941
3962,11521	0.1928324055736387
3962,16879	0.15878539491741794
4043,1905	0.1531334537026046
4123,5317	0.1947483178498466
4306,11337	0.15831474690174077
4432,10168	0.1522421379914992
4432,12232	0.17084939471749666
4432,16954	0.1648080235074106
4432,4996	0.1656743490583916
4432,5317	0.21047754113484482
4432,9340	0.1720947376970318
4640,2152	0.1506365202035032
4640,2782	0.1600848832438894
4640,4306	0.1778799597658422
4656,7617	0.1613073185766438
4951,1905	0.15572826532886008
4996,11521	0.15348748097103432
4996,13081	0.16182169937253874
5054,15107	0.15113840591933592
5085,15107	0.15851258566939266
5317,1307	0.18441280412504243
5496,12470	0.18082879866052742
5496,1307	0.15223797296481179
5496,3860	0.18252396452230268
5496,3962	0.15904154405869356
5496,6134	0.17526015797946226
5862,12232	0.16432904543835863
5926,11521	0.15928936314659436
5926,2862	0.1570090110352382
5939,5317	0.1573942760038235
6037,11521	0.205610707450608
6037,1220	0.17345878393715808
6037,13081	0.17372951067183964
6037,14410	0.189837751385392
6037,16879	0.1677381197820025
6037,30	0.1570506613021123
6134,14313	0.15163404409513753
6206,13359	0.16805049678355813
6206,5317	0.2049380556405915
6206,571	0.17887748365747652
6206,9340	0.15265655814689633
6287,12582	0.16515580323580922
6287,14574	0.17084939471749666
6287,16377	0.22827678268348506
6287,16668	0.1704308095354121
6287,4432	0.18432117353791944
6287,4996	0.19698077215429757
6287,5317	0.30292030846187645
6287,607	0.15392689128655593
6287,7234	0.19560631334745276
6287,8782	0.17374200575190185
6287,9340	0.2122393474236186
6386,12470	0.19357794535068484
6386,9756	0.1678235028290944
6692,12470	0.1826426677828938
6692,1905	0.15335211760369355
6844,5317	0.18956077711067934
6844,9340	0.16114488253583484
6971,10042	0.15915608229259728
6971,11521	0.17100141819158707
6971,14410	0.16482051858747285
6971,16879	0.16370845646193477
6971,2452	0.1741022805603627
6971,6037	0.16777768753553288
6971,7624	0.17402939259333305
6971,8644	0.1551493266193103
6972,14621	0.15336461268375576
6972,15107	0.18402753915645714
6972,4656	0.15144037035417304
7234,6972	0.1973868622563199
7617,4306	0.16176755402560242
7617,571	0.15489109496469097
7624,14312	0.1678859782294055
7624,1905	0.20857828896538655
7624,7617	0.1750893918852785
8387,15107	0.190372957314724
8387,1905	0.19928611442577818
8596,11283	0.15663415863337143
8644,11521	0.18505630074824705
8644,14410	0.17180318582891319
8644,16879	0.1586167113365779
8644,4432	0.1886590488328554
8644,5317	0.19202230788293775
8644,9340	0.15110508570583667
8782,11064	0.18486679203396997
8782,14454	0.15433298138857826
8782,2122	0.15433089887523455
8782,4432	0.15674661435393147
8782,5317	0.18917967716878145
9340,14538	0.16993517135961048
9340,14712	0.1780736335068067
9960,16954	0.1545537278030109
9960,6972	0.15141329768070488
