10168,15107	0.1517006845221361
10583,2452	0.15275860130073785
10947,14621	0.16128024590317563
10947,15107	0.17585367428241797
10947,3860	0.16833996613833302
10947,3962	0.17830479248795786
11064,11337	0.16016401875095015
11064,14313	0.18778647574184332
11064,14550	0.18579351047191836
11064,2152	0.160876238314497
11064,2782	0.1736691177848722
11064,4306	0.19139547136648277
11089,14621	0.1915079270870428
11089,15107	0.18273846339670421
11283,11064	0.21000481060582396
11283,11781	0.16762358154809878
11283,12672	0.15904779159872467
11283,14367	0.1722425961444348
11283,14454	0.17800282805312076
11283,14928	0.15830225182167854
11283,17088	0.18956494213736674
11283,2372	0.1725383130392408
11283,30	0.15394355139330554
11283,4640	0.1984593566283276
11283,607	0.15972877346211595
11283,6206	0.20202461947274927
11283,6797	0.1575504645046013
11283,6971	0.2027680767364517
1145,15107	0.15380194048593365
1145,2152	0.1842441205442024
11521,571	0.1842920183511076
12155,4306	0.1653890447303041
12161,12155	0.15064485025687802
12161,1905	0.1917536636615999
1220,12155	0.15633635922522174
12232,14454	0.17060157562959585
12232,3962	0.1500471689272349
12293,11283	0.15829600428164745
12293,571	0.15042618635578908
12317,11677	0.1946483572093488
12317,15124	0.2602142073225334
12317,15205	0.225706961217354
12317,2452	0.16797760881652848
12317,3106	0.16809214705043224
12317,6037	0.1728340299340468
12317,7624	0.19494407410415482
12470,11089	0.1533750252504743
12470,11149	0.15268154830702077
12470,11677	0.1997921651682983
12470,15205	0.24869790853184892
12470,1905	0.20945502708308603
12470,7617	0.17550797706736307
12582,14313	0.16005364554373383
12582,14550	0.15776288086565915
12582,4306	0.16355643298784436
12672,14538	0.15062402512344097
12911,12299	0.15144037035417304
12918,11089	0.16021399907119904
12918,15205	0.16367930127512292
12918,2152	0.16378134442896441
12918,2782	0.1629837418183257
12918,4306	0.18064761999962514
13050,16377	0.16742574278044686
13050,3938	0.16035352746522724
13081,15107	0.17188232133597395
13359,15107	0.16560562611804935
13462,2152	0.15996409746995455
13651,11677	0.1594143139472166
13728,12582	0.15635718435865878
13728,16377	0.20729962577235214
13728,16668	0.15649046521265586
13728,3427	0.16177588407897722
13728,4432	0.18223241265418408
13728,4996	0.1655285731243323
13728,5317	0.21447804926810068
13728,7234	0.1575462994779139
13728,8782	0.15271695103386376
13728,9340	0.18177425971856914
14240,11064	0.1628379658842664
14240,14454	0.17124715476614416
14240,14691	0.1833652999131592
14240,2452	0.23140888275241622
14240,3925	0.15015129459442011
14240,6037	0.1869430578376431
14240,7624	0.1556366347417371
14240,8644	0.16757984876788098
14313,1428	0.15899364625178836
14313,14312	0.16525159884961962
14313,4656	0.177627975651254
14313,571	0.19129759323932868
14410,11521	0.19619149959703366
14410,16879	0.15931227079337512
14454,4306	0.16691136198455192
14538,15107	0.17843599082861122
14550,14454	0.15755254701794502
14550,4656	0.16088456836787182
14550,6972	0.16453937928607276
14621,2452	0.17854844654917126
14621,571	0.15817105348102517
14621,7624	0.15818563107443112
14691,1180	0.151215458913053
14691,14621	0.1711242864788656
14691,15107	0.20166434466428843
14691,2152	0.1586646091434831
14691,2782	0.18288632184410722
14691,4306	0.19890084945719289
15124,10583	0.15471199881713243
15124,12155	0.188654883806168
15124,12299	0.15261074285333484
15124,12785	0.16704256032520529
15124,13763	0.15456830539641683
15124,14660	0.1548952599913784
15124,15755	0.1751289596388089
15124,16139	0.15798154476674808
15124,2372	0.1818971280058477
15124,4640	0.17315265447563355
15124,6206	0.19176199371497474
15124,6971	0.19183071665531698
15124,8687	0.15564704730845563
15205,10358	0.15045117651591353
15393,15124	0.15906028667878688
15393,3860	0.15883121021097943
1542,16879	0.16448106891244907
1542,571	0.1549931381185325
15471,3860	0.15301475044201346
15582,11064	0.15125294415323967
15582,12672	0.17070570129678106
15582,14367	0.17041206691531877
15582,16242	0.19793664577905784
15582,17169	0.1535645339647514
15582,2452	0.16673226583699335
15582,3106	0.16961238179133634
15582,6037	0.17873170772341723
15582,7624	0.174248056494422
15582,8644	0.16986644841926823
15755,2152	0.15203388665712875
15755,4306	0.16243395829558777
16242,10042	0.15137997746720563
16242,11521	0.17138460064682864
16242,13081	0.1753372109731793
16242,14149	0.16418118699095566
16242,14410	0.15978291880905227
16242,16384	0.189210914868937
16242,16879	0.16197788787331655
16242,3427	0.1884258073383605
16242,4432	0.1785255389023905
16242,4996	0.24306679245047264
16242,5317	0.28561462257569414
16242,6844	0.17191564154947322
16242,7234	0.21410944440626503
16242,9340	0.24842509928382367
16377,11089	0.1684232666720812
16377,11149	0.1504345164091639
16377,11677	0.17841516569517418
16377,15205	0.21694999260707762
16377,2452	0.18652030762887112
16377,6037	0.19138297628642056
16377,7624	0.1958145646818232
16384,10042	0.16007863570385827
16384,11521	0.15970586581533522
16384,14410	0.15329797225675723
16384,16879	0.15513058399921698
16384,571	0.15625722371816098
16384,6972	0.18705134853151573
16954,12155	0.15275235376070673
17088,3860	0.1716490798414791
17088,3962	0.15464952341682128
17157,2862	0.17256955073939637
17157,8904	0.16266719979008265
17169,11521	0.15003259133382899
17169,13081	0.17069737124340625
17169,2372	0.15182355280941462
17324,1905	0.1504824142160691
17355,15124	0.17021006312097944
17355,15205	0.1808642013873704
17355,2452	0.152841901834486
17355,6037	0.17299021843482462
17355,8644	0.16424157987792307
1798,16377	0.15953093469446405
1905,10168	0.17726561832944945
1905,11314	0.15431632128182862
191,1905	0.17231131908477704
1962,15124	0.18504380566818482
1962,15205	0.18872568925985395
1962,16882	0.1595434297745263
1962,2372	0.16093663120146443
1962,6206	0.17255289063264673
2122,571	0.16826291314461597
2372,15107	0.18951912684380526
2452,1180	0.1564154947322825
2452,13359	0.15182355280941462
2452,2152	0.16159262290473125
2452,2782	0.18542074058339528
2452,4306	0.19654760937880708
2782,1905	0.20955290521024014
2862,14621	0.15737969841041757
2862,15107	0.1839025883558349
2862,4432	0.15799820487349772
2862,5317	0.18152227560398093
30,15107	0.1600952958106079
3106,11064	0.15782327375262656
3106,14367	0.15831474690174077
3106,2452	0.15703400119536265
3106,6037	0.15818563107443112
3106,7624	0.17724895822269982
3427,16954	0.16452688420601055
3427,4432	0.15410182240742706
3427,4996	0.1698997686327675
3427,5317	0.21600244903569218
3427,7234	0.15326881706994538
3427,9340	0.17423139638767235
3624,12232	0.15625514120481726
3624,16954	0.15134665725370636
3624,5496	0.17247167261224225
3860,11521	0.19575625430819948
3860,13081	0.16589926049951165
3860,14410	0.17987500754911087
3860,16879	0.17730726859632354
3860,17308	0.15477863924413096
3860,4432	0.20149149605676098
3860,4996	0.16228818236152848
3860,5317	0.23023018019987962
3860,9340	0.17036208659506985
3925,1905	0.17877752301697872
3938,14621	0.19166828061450802
3938,15107	0.20044815687156514
3938,2152	0.16580138237235756
3938,2782	0.16398126570996005
3938,4306	0.18077673582693482
4306,16879	0.18520207668230634
4432,10583	0.1541580502677071
4432,12155	0.17535803610661635
4432,1220	0.1706765461099692
4432,571	0.17451670071575984
457,11064	0.15319384658957202
457,14454	0.2059605696923503
4640,15107	0.16363973352159253
4640,6206	0.15065942785028394
4656,5317	0.20166017963760102
4996,1307	0.16814420988402484
5054,11283	0.15760044482485022
5054,12918	0.16064507933334582
5054,14313	0.15500146817190733
5054,1905	0.16090539350130886
5085,11283	0.15354995637134544
5317,7617	0.22324543044509557
5401,2372	0.1566570662801522
5496,16377	0.17823815206095933
5496,1905	0.21274748067948246
5862,4306	0.1589165932580713
5926,2452	0.160136946077482
5926,6037	0.15398728417352334
6037,1428	0.15246496691927552
6037,14312	0.1536769896853114
6037,4656	0.16032645479175908
6037,6972	0.1770969347486094
6134,11521	0.1526961259004267
6134,13081	0.16147808467082753
6134,2452	0.15331671487685058
6134,5401	0.15065109779690913
6134,6037	0.1792627486260618
6287,1220	0.1538165180793396
6287,12232	0.17186982625591174
6287,13462	0.1671529335324216
6287,13651	0.17820691436080377
6287,16954	0.1859080487058221
6287,3938	0.18425661562426462
6386,16377	0.18173052693835134
6386,3106	0.1588707779645098
6386,7624	0.15879580748413646
6692,16377	0.1593185183334062
6692,4996	0.16980605553230083
6692,5317	0.2085095660250443
6692,7234	0.1592622904731262
6692,9340	0.17100558321827447
6797,1905	0.155574159341426
6971,12470	0.15961423522821222
6971,14312	0.15454956277632348
6971,3860	0.1694041304569659
6971,3962	0.16236315284190184
6972,11337	0.15060736501669134
6972,14313	0.25042222958043603
6972,14538	0.16772562470194027
6972,14712	0.18892561054084955
6972,2152	0.20205169214621743
6972,2782	0.17193854919625398
6972,4306	0.18592887383925913
7234,13651	0.16367513624843552
7234,16954	0.15423302074808046
7234,2152	0.18746785120025655
7234,4306	0.1530314105487631
7624,4996	0.1721926158241859
7624,5317	0.2311485685844532
7624,571	0.18409417958345567
7624,9340	0.19025425405413285
8387,11283	0.1725341480125534
8387,12918	0.15257117509980445
8387,13728	0.16639281616196955
8387,14313	0.15633844173856545
8387,14550	0.1516153014750442
8387,4432	0.1665635822561533
8387,5317	0.16524326879624482
8596,1905	0.16076794762062438
8644,12470	0.1523941614655896
8782,15124	0.1837151621549015
9340,11521	0.16503085243518698
9340,13081	0.17544758418039563
9340,16879	0.1658222075057946
9756,6972	0.16321906582616427
9960,12317	0.15124669661320855
9960,4306	0.15393730385327445
