10042,14621	0.15346249081090987
10042,15107	0.17253206549920969
10042,571	0.15716728204935973
10359,7617	0.1620091255734721
10583,5317	0.15561372709495636
11064,2452	0.18578101539185612
11064,571	0.21988425390835692
11064,6037	0.1809120991942756
11064,7624	0.18010200150357464
11089,6206	0.1684711644789864
11182,6037	0.15350205856444024
11283,11337	0.17604943053672617
11283,1145	0.171459571127202
11283,12870	0.16442484105216904
11283,12918	0.20002332414944948
11283,14313	0.231100670777548
11283,14538	0.1844023915583239
11283,14550	0.22231454698045977
11283,14712	0.15226296312493623
11283,3860	0.21141467213951173
11283,3962	0.20279098438323243
11283,4577	0.16021608158454276
11283,6134	0.15958508004140037
11283,6974	0.15589903142304384
11283,9728	0.15129667693345744
11337,16879	0.15041577378907056
11443,5317	0.162242367067967
1145,12470	0.17511438204540294
1145,7624	0.15256284504642964
11521,11677	0.15526594736655774
11677,15107	0.16916464142243992
11781,11521	0.15679451216083667
1180,15107	0.1673382772200113
12161,15107	0.16526617644302555
12161,1962	0.15007424160070307
1220,15107	0.16785682304259364
1220,5317	0.17598903764975873
12299,5317	0.16663647022318295
12317,10042	0.1505823748565669
12317,11521	0.16819419020427373
12317,13081	0.16628036044140954
12317,14149	0.16202578568022175
12317,14410	0.15756712461135094
12317,16384	0.18843205487839162
12317,16879	0.15738802846379238
12317,3427	0.17521434268590075
12317,4432	0.17256122068602153
12317,4996	0.2162127828834063
12317,5317	0.2562366068360583
12317,6844	0.15655085809962327
12317,7234	0.20353652416027856
12317,9340	0.2246303018186589
12470,11521	0.1729360730878883
12470,13081	0.1725362305258971
12470,14149	0.16371053897527849
12470,14410	0.16448315142579276
12470,16879	0.17869422248323055
12470,4656	0.16065340938672065
12470,6972	0.2547621873887157
12582,16377	0.1638646449627126
12582,2452	0.16446857383238683
12582,6037	0.18314038847203915
12582,8644	0.17687618833417676
12672,4996	0.1637626018088711
12672,5317	0.21353467072340265
12672,9340	0.1809599970011808
12911,1145	0.15155490858807677
12911,6386	0.15173192222229165
12918,10042	0.1562759663382543
12918,11521	0.17766129586475327
12918,14410	0.1726757589199253
12918,16879	0.18044769871862953
12918,2452	0.1811141029886149
12918,6037	0.1708202395306848
12918,7624	0.18501256796802926
13050,6206	0.18064970251296886
13462,12470	0.17009968991376312
13728,11064	0.1901855311137906
13728,11781	0.1584730179158623
13728,1180	0.1580835879205896
13728,14367	0.16100951916849407
13728,14454	0.17109929631874116
13728,14691	0.20578147354479173
13728,17088	0.17134711540664196
13728,17169	0.1527440237073319
13728,1798	0.15173400473563534
13728,2152	0.1720010245965651
13728,2782	0.20679982256986312
13728,4306	0.20329703512575256
14149,1905	0.15213176478428286
14240,10947	0.15969337073527298
14240,11283	0.1863203863478755
14240,12918	0.1575900322581317
14240,14313	0.16877521142716723
14240,14550	0.16414370175076898
14240,17157	0.15075105843740694
14240,4432	0.17220719341759183
14240,5317	0.17963343600124118
14312,5317	0.17398982483980266
14313,12155	0.16064924436003325
14313,15755	0.1529793477151705
14313,8904	0.16142602183723492
14367,5317	0.2507949994689591
14367,9340	0.21851604264154323
14410,5317	0.19099979383117896
14410,9340	0.15542838340736667
14550,12870	0.15711730172911084
14550,14313	0.1857664377984502
14550,8904	0.17735100137654133
14621,12155	0.15242539916574516
14621,5317	0.18703260591142237
14691,12470	0.17350876425740697
14691,14312	0.17154703668763757
14691,2452	0.21021306194019437
14691,3106	0.1556782850086112
14691,3925	0.16848157704570493
14691,6037	0.1925845864857379
14691,7624	0.1808725314407452
14691,8644	0.16980605553230083
15124,1145	0.19965263677427014
15124,1307	0.17867964488982463
15124,14621	0.18906513893487772
15124,15107	0.22432208984379068
15124,17627	0.16062425419990878
15124,3860	0.21722488436844659
15124,3962	0.19941523025308786
15124,6134	0.16870232346013758
15124,6974	0.15071357319722026
15205,12155	0.19029382180766324
15205,2372	0.1868493447371764
15205,6206	0.17069112370337514
1542,1905	0.16439152083866979
1542,7617	0.16116570766927188
15582,10359	0.1678859782294055
15582,11283	0.20366980501427562
15582,12918	0.15346040829756616
15582,13050	0.2212378875817647
15582,13728	0.16175089391885278
15582,14313	0.22312672718450444
15582,14538	0.23552601163291953
15582,14550	0.1561260253775076
15582,3427	0.1590061413318506
15582,4432	0.17514353723221482
15582,4996	0.17520184760583854
15582,5317	0.2756789514128812
15582,7234	0.17613273107047434
15582,8782	0.1548077944309428
15582,9340	0.1968495738136442
15755,2452	0.15232335601190364
15755,7624	0.16140103167711048
16139,1905	0.15241082157233923
16242,13462	0.1681296322906189
16242,13651	0.20082092676008823
16242,16765	0.15549918886105263
16242,16954	0.19450466378863324
16242,1798	0.1658242900191383
16242,2152	0.20832005731076722
16242,2782	0.17086188979755887
16242,4306	0.1787587803968854
16377,10042	0.16303788716526202
16377,11521	0.1831716261721947
16377,13081	0.1667551734837741
16377,14149	0.16434154051842087
16377,14410	0.17030585873478984
16377,16879	0.19460878945581844
16377,4432	0.1797000764282397
16377,4996	0.1888464750337888
16377,5317	0.26188230051084055
16377,6844	0.150201274914669
16377,7234	0.19740352236306954
16377,9340	0.21259337469204834
16384,13651	0.16475804318716172
16384,16954	0.19529393634589715
16384,2862	0.15717144707604713
16668,16879	0.15371030989881068
16668,571	0.15188394569638206
16765,5317	0.16184252450597578
16882,6206	0.156517537886124
16954,15107	0.18251771698227157
16954,6206	0.1533396225236313
17088,15205	0.15276068381408153
17157,14621	0.15356036893806396
17157,15107	0.1785692716826083
17157,1905	0.19369664861127597
17169,16954	0.15239624397893328
17169,3860	0.1600932132972642
17355,11521	0.15238791392555848
17355,13081	0.154707833790445
17355,4432	0.16442900607885644
17355,5317	0.17776958655862587
17560,7624	0.15001593122707935
1798,14367	0.15659875590652847
1798,7624	0.15616142810435057
1865,1905	0.1583355720351778
1905,11677	0.18010200150357464
1905,4996	0.18770317520809515
1905,5317	0.25795468034461433
1905,6859	0.1510738480056811
1905,9340	0.20089589724046156
1905,9592	0.15074272838403213
1962,11521	0.16462684484650836
1962,13081	0.15515765667268513
1962,14410	0.15280025156761193
1962,16879	0.15029915304182312
1962,3860	0.204336209284261
1962,3962	0.16307745491879239
1962,6134	0.1522129828046873
2152,11149	0.16522452617615146
2152,11677	0.16833788362498933
2152,571	0.16878354148054203
2152,7617	0.18242816890849228
2452,11781	0.1565675182063729
2452,14454	0.18418581017057867
2452,7624	0.17811111874699337
2782,4656	0.15204013419715987
2862,12470	0.15836680973533337
2862,14312	0.15298143022851418
2862,2152	0.15085101907790474
2862,2782	0.1754829869072386
2862,4306	0.2025285877019257
3106,11283	0.189210914868937
3106,12918	0.16388547009614965
3106,14313	0.19290945856735578
3106,14538	0.15209636205743987
3106,14550	0.15545962110752223
3106,4996	0.1527794264341749
3106,5317	0.219482328833022
3106,7234	0.152342098631997
3106,9340	0.16711961331892233
3427,11677	0.1554971063477089
3427,15124	0.24243579090733025
3427,15205	0.1875344916272551
3427,2152	0.17212805791053107
3427,4306	0.15996201495661083
3624,15124	0.1895399519772423
3624,15205	0.18804887242315005
3624,1905	0.21946983375295978
3825,15124	0.15868335176357642
3860,10168	0.15525345228649554
3860,12232	0.17516852739233926
3860,16954	0.16828582079139673
3860,2152	0.19055621848896998
3860,2782	0.16904593816184876
3860,4306	0.18730749767279134
3925,15107	0.15831474690174077
3938,12470	0.16771729464856547
3938,2452	0.1914162964999198
3938,5401	0.16258389925633449
3938,6037	0.1971265480883569
3938,7624	0.1638708925027437
3938,8644	0.17678039272036636
3962,8904	0.1518048101893213
4306,1180	0.15929561068662548
4306,571	0.19599366082938177
4432,14621	0.15290021220810973
4432,15107	0.21274331565279506
4432,2372	0.18247814922874117
4432,6206	0.1801853020373228
4472,1905	0.15397687160680482
457,1905	0.1817930023386625
4577,16879	0.15278150894751857
4640,3860	0.15131750206689448
4656,4306	0.17470204440334952
4656,571	0.18274887596342274
5317,11337	0.17726561832944945
5317,1428	0.16581179493907608
5317,14538	0.23650479290446053
5317,14712	0.206793575029832
5317,571	0.20991526253204468
5401,12155	0.1590165538985691
5496,14367	0.15931643582006252
5496,14454	0.16512248302230997
5496,6972	0.17976671685523826
5582,16265	0.15187561564300722
5582,1905	0.15552834404786448
5862,15107	0.1694436982104963
5862,2452	0.1632815412264754
5862,6037	0.1627942331040486
5926,5317	0.16246311348239964
5926,8782	0.156904885368053
6037,10583	0.16157388028463793
6037,12155	0.19310104979497655
6037,571	0.18426911070432683
6037,8904	0.16329403630653763
6134,11314	0.15021376999473124
6134,4432	0.16978523039886378
6134,5317	0.16341482208047248
6287,11089	0.17068071113665662
6287,11149	0.1989945625576596
6287,11677	0.16844409180551825
6287,15124	0.2704643380002457
6287,15205	0.21461966017547257
6287,2372	0.1605222110460673
6287,30	0.15442252946235752
6287,4640	0.18036856321156877
6287,6206	0.1942943299409191
6287,6971	0.17732809372976058
6287,9617	0.1527835914608623
6386,14367	0.16215906653421883
6386,4996	0.16333568657341171
6386,5317	0.24817936270926655
6386,7234	0.15987246688283155
6386,9340	0.17036625162175725
6692,14367	0.16982063312570675
6692,2152	0.1614593420507342
6971,15755	0.16633658830168954
6972,16668	0.1549077550714406
6972,2452	0.1748519853640962
6972,571	0.16780684272234475
6972,7624	0.19672462301302196
7234,11677	0.17563292786798532
7234,15205	0.1995964089139901
7234,6037	0.15047408416269428
7234,7624	0.1644998115325424
7617,11149	0.15782952129265768
7624,14367	0.18103496748155415
7624,14454	0.15086143164462326
7624,2152	0.18501256796802926
7624,4306	0.18546030833692567
7624,607	0.15453498518291756
8387,16377	0.15519514191287181
8387,2782	0.15090099939815366
8387,4306	0.1665156844492481
8644,10583	0.158622958876609
8644,10730	0.15065318031025285
8644,12155	0.17019965055426092
8644,2372	0.169354150136717
8644,30	0.15755671204463242
8644,6206	0.19944230292655601
8782,11521	0.1602327416912924
8782,16879	0.15055946720978614
8782,6206	0.154855692237848
8782,6971	0.15190685334316278
9617,5317	0.16574515451207752
9756,14313	0.1793043988929359
9960,15107	0.15513058399921698
9960,2452	0.1518610380496013
9960,7624	0.155538756614583
