10042,1905	0.19632269793768703
10359,13050	0.1582293638546489
10359,2152	0.1506261076367847
10583,11521	0.15158198126154493
10583,6206	0.15439129176220195
10947,14454	0.15050115683616241
10947,5496	0.16394586298311706
11064,11089	0.15261907290670965
11064,15205	0.1643561181118268
11089,1905	0.20887192334684884
11089,571	0.15904779159872467
11283,11443	0.16024731928469832
11283,12232	0.1833694649398466
11283,13651	0.16900845292166208
11283,1542	0.17593280978947873
11283,16765	0.15399561422689817
11283,16954	0.20491306548046706
11283,17560	0.16697800241155045
11283,4656	0.19734104696275842
11283,6972	0.20446116008488324
12161,12582	0.16150515734429569
12161,2452	0.1576983229520043
12161,6037	0.16388547009614965
12161,8644	0.1626838598968323
1220,2372	0.16570350424520344
12317,12911	0.1825281295489901
12317,6971	0.15163820912182494
12470,2452	0.17250915785242893
12470,571	0.16829623335811525
12470,6037	0.17602860540328913
12470,7624	0.20776194373465448
12582,1220	0.16050138591263025
12582,15124	0.1746478990564132
12582,15205	0.1741543433939553
12582,30	0.1559760844167609
12672,11677	0.15591360901644977
12911,16377	0.18461064289269433
12911,6972	0.19001684753295056
12918,15755	0.15410390492077078
12918,571	0.17830687500130157
13050,11521	0.15283357178111118
13050,16879	0.15443918956910715
13050,1905	0.19431307256101243
13050,7617	0.18061221727278218
13462,14367	0.15221923034471843
13728,10042	0.17285902009417126
13728,11521	0.20043774430484662
13728,13081	0.16794845362971664
13728,14410	0.184444041825198
13728,16384	0.17721147298251314
13728,16879	0.17912738525872104
13728,3860	0.18212828698699887
13728,3962	0.17585159176907425
13728,5054	0.1528314892677675
13763,5317	0.15675077938061888
14240,12232	0.15297310017513938
14240,16954	0.16910008350878508
14240,2372	0.16114071750914744
14240,6206	0.16633658830168954
14240,6971	0.15231294344518512
14313,11337	0.15753588691119538
14313,14538	0.1898335863587046
14313,14712	0.18977527598508087
14313,4996	0.2237993789945209
14313,5317	0.305592173081849
14313,6844	0.17324428506275655
14313,9340	0.26089310667258103
14367,14712	0.1710222433250241
14410,15107	0.2009125573472112
14410,2372	0.15323757936978982
14410,6206	0.17508314434524738
14550,12232	0.16062841922659618
14550,16954	0.17668667961989967
14550,4432	0.16619705990766137
14550,5317	0.19611861163000402
14550,9340	0.156517537886124
14574,16879	0.15362700936506252
14621,6206	0.16308994999885462
14691,11064	0.1915516598672606
14691,11781	0.15254618493968
14691,14454	0.17173029786188354
14691,17088	0.1667114407035563
14691,3938	0.17149289134070125
14691,6287	0.17760923303116063
15062,5317	0.16648861177577995
15124,1428	0.16209034359387658
15124,14574	0.15993910730983008
15124,1542	0.17232589667818296
15124,16377	0.24752545351934344
15124,16668	0.17873587275010464
15124,4656	0.19021676881394617
15124,607	0.16937705778349774
15124,6972	0.2728571458321619
15205,14538	0.18634745902134367
15205,14712	0.18455858005910172
15205,1905	0.2367859322058606
15205,7617	0.1557824106757964
1542,15107	0.15079479121762474
1542,2152	0.15546795116089707
1542,4306	0.15170693206216718
15582,12232	0.1539206437465248
15582,16954	0.15599690955019793
15582,2372	0.15015129459442011
15582,6206	0.18918384219546885
15755,16879	0.15658626082646623
16242,1145	0.17188232133597395
16242,1307	0.17423139638767235
16242,15107	0.18132443683632904
16242,3860	0.175522554660769
16242,3962	0.15516598672605994
16242,571	0.16227152225477884
16242,6386	0.1832091114123814
16377,12155	0.15709022905564268
16377,15755	0.15777745845906507
16377,2372	0.1565237854261551
16377,4640	0.1775946554377547
16377,6206	0.175966130002978
16384,15107	0.1707223614035307
16384,3427	0.15263156798677188
16384,4432	0.1545558103163546
16384,4996	0.16257348668961596
16384,5317	0.21014017397316473
16384,7234	0.15674036681390036
16384,9340	0.17068904119003142
16879,8904	0.15903737903200615
16882,1905	0.18507920839502778
16954,1905	0.21254339437179945
17157,16377	0.19410898625332942
17157,2152	0.15423302074808046
17157,2782	0.18682435457705196
17157,4306	0.18813425547024193
17169,15107	0.16244020583561888
17169,1962	0.15463494582341536
17169,6972	0.17859842686942018
17308,1905	0.1675985913879743
17355,12155	0.16403749357024006
17355,2372	0.1697893954255512
17355,6206	0.1608304230209355
17560,11064	0.15142162773407972
17627,11521	0.1553846506271489
1798,6287	0.160580521419691
1905,10358	0.16158221033801273
1905,14312	0.1814119023967646
1905,16082	0.15384775577949517
1905,2372	0.20827424201720574
1905,6206	0.2266461747353646
1962,10583	0.15251911226621184
1962,12155	0.16544943761727154
1962,6972	0.15523054463971478
2152,4306	0.1802852626778206
2372,5317	0.1756787431615468
2452,11521	0.2606452875846802
2452,13081	0.16344605978062804
2452,14410	0.19996293126248207
2452,16879	0.16801509405671516
2782,7624	0.17416475596067382
2862,11064	0.18896726080772364
2862,14454	0.15791073931306215
2862,17088	0.15720684980289013
2862,3860	0.16366264116837329
2862,3962	0.16218822172103067
2862,6974	0.1500992317608275
3106,16954	0.15373113503224772
3106,6206	0.15453706769626127
313,5317	0.1594955319676211
3427,12470	0.19209936087665483
3427,3860	0.16629493803481546
3427,6386	0.15394771641999297
3624,12470	0.15217133253781323
3624,2782	0.16135729889689268
3624,4306	0.1617967092124143
3860,1307	0.15066984041700246
3860,14621	0.1690625982685984
3860,15107	0.2122768326638053
3860,3962	0.18633496394128146
3860,4745	0.16113446996911632
3925,2452	0.16471222789360024
3925,6037	0.15540547576058594
3938,11064	0.1594080664071855
3938,1220	0.1624943511825552
3938,14454	0.16830039838480265
3938,17088	0.15515557415934142
3962,14538	0.15721101482957753
3962,5317	0.19879672379000768
3962,9340	0.15166944682198052
4123,1905	0.15316885642944758
4306,15107	0.20377601319480454
4356,15107	0.16094912628152666
4432,1905	0.23630695413680863
4432,5862	0.15314178375597942
4577,4656	0.15359160663821952
4640,11064	0.15681533729427372
4996,14538	0.15546795116089707
4996,14712	0.17319430474250763
5054,15124	0.17556003990095567
5054,7624	0.16120527542280227
5085,5317	0.15267946579367708
5317,10168	0.16015985372426275
5496,11521	0.17638679769840626
5496,13081	0.18415665498376682
5496,14410	0.15751714429110206
5496,2452	0.17459791873616431
5496,5401	0.15854798839623566
5496,6037	0.1877718981484374
5496,7624	0.1563592668720025
5496,8644	0.15805235022043404
5582,9628	0.158031525086997
571,8904	0.1759702950296654
5926,11283	0.17532055086642967
5926,13728	0.16296499919823237
5926,14313	0.15599690955019793
5926,14550	0.15696944328170784
5926,6971	0.15534716538696222
6037,14313	0.19487118613712517
6037,14538	0.17124923727948788
6037,4996	0.1612177705028645
6037,5317	0.21312233308134923
6037,9340	0.17315265447563355
6134,15107	0.17261120100627045
6134,2372	0.183409032693377
6196,11283	0.1544537671625131
6206,7617	0.15517015175274734
6287,12470	0.23621115852299823
6287,14312	0.15747757653757166
6287,15062	0.15873749711051274
6287,1905	0.2285058591512925
6287,7617	0.2384498603674803
6386,16879	0.1508218638910929
6971,11337	0.15748382407760278
6971,12918	0.16662605765646443
6971,14313	0.1658347025858568
6971,14550	0.1714075082936094
6971,2862	0.1679359585496544
6971,8904	0.1614760021574838
6972,11089	0.15257117509980445
6972,11677	0.1934092617698448
6972,15205	0.24141744188225886
7234,12470	0.21143133224626137
7624,11521	0.17594322235619725
7624,13081	0.15261699039336596
7624,14410	0.16942703810374665
7624,16879	0.19079570752349595
7624,3962	0.1629337614980768
8387,15124	0.18188879795247287
8387,15205	0.15588028880295052
8387,3860	0.16819210769093004
8387,3962	0.15569702762870452
8596,15107	0.15018253229457568
8644,12918	0.15246288440593184
8644,14313	0.170480789855661
8644,14538	0.16586802279935609
8644,14550	0.16810880715718185
8644,1905	0.22564032079035545
8644,4356	0.1654286124838345
8644,571	0.17707402710182865
8644,5862	0.1531834340228535
8782,1905	0.18903390123472216
8782,5862	0.1636772187617792
886,1905	0.1500013536336734
9340,15107	0.179014929538161
9756,4996	0.15629679147169134
9756,5317	0.21224142993696232
9756,6844	0.15197349377016134
9756,9340	0.15981415650920783
9960,16377	0.15036787598216536
9960,6287	0.150532394536318
