10042,11089	0.1504365989225076
10042,15205	0.1532396618831335
10042,2782	0.16646986915568662
10042,4306	0.17437508980838795
10168,11521	0.1546995037370702
10359,1145	0.1511154982725552
10583,12155	0.15012630443429567
10583,1905	0.1859601115394147
10947,11521	0.1680754869436826
10947,14410	0.15094889720505883
10947,4432	0.1577899535391273
10947,5317	0.17639304523843735
11064,14312	0.1579836272800918
11064,8904	0.1668488865842408
11089,11521	0.17970215894158342
11089,14410	0.17170322518841538
11089,16879	0.15101553763205738
11089,2152	0.15150909329451528
11089,2782	0.1563196991184721
11089,4306	0.17457084606269616
11182,3624	0.15562413966167488
11283,14621	0.19877173362988323
11283,15107	0.2239409899018928
11283,17627	0.15942889154062254
11283,2452	0.21269750035923354
11283,5401	0.1540539246005219
11283,6037	0.21122724593857836
11283,7624	0.21222060480352528
11283,8644	0.19397362288598866
11443,1905	0.18148062533710685
11490,11283	0.152194240184594
12155,14454	0.16893556495463244
12161,15124	0.1569486181482708
12161,15205	0.15045325902925724
12161,3938	0.15427675352829823
1220,15205	0.19245547065842825
1220,1905	0.19137881125973313
12232,15107	0.1786130044628261
12232,5317	0.1814681302570446
12232,571	0.18818631830383453
12317,11283	0.1942401845939828
12317,12918	0.16551607804427007
12317,13728	0.1837214096949326
12317,14313	0.2520653326086187
12317,14538	0.1565758482597477
12317,14550	0.16267552984345748
12317,14712	0.1780319832399326
12317,17157	0.15804610268040292
12317,1905	0.19956725372717826
12317,7617	0.1539643765267426
12470,11337	0.15055113715641133
12470,14313	0.2665138101872388
12470,14538	0.17401273248658342
12470,14550	0.16630535060153398
12470,14712	0.1927199498530787
12582,2862	0.1516173839883879
12582,5496	0.15388107599299441
12582,571	0.16645529156228067
12672,1905	0.15838971738211413
12911,11677	0.15178190254254054
12911,15124	0.2181099525395209
12911,15205	0.18687433489730085
12911,3106	0.16051388099269245
12911,7624	0.1548015468909117
12918,11337	0.151475773081016
12918,14313	0.18592887383925913
12918,14550	0.16150515734429569
12918,2862	0.16343772972725323
13050,2152	0.17652007855240331
13050,4306	0.15318551653619722
13651,4996	0.16513497810237218
13651,5317	0.21211023159630896
13651,9340	0.18552070122389308
13728,12155	0.16375427175549628
13728,12785	0.15308139086901199
13728,14240	0.17971257150830194
13728,15755	0.155574159341426
13728,1962	0.15582406094267048
13728,4656	0.16486216885434693
13728,6972	0.19232010729108748
14103,5317	0.15360410171828176
14240,14621	0.15956425490796333
14240,15107	0.19101020639789748
14240,1905	0.22469485973231373
14240,571	0.16330653138659987
14313,12232	0.16380841710243257
14313,13651	0.20524418510211603
14313,16765	0.15144037035417304
14313,16954	0.20214957027337152
14313,2372	0.1613718764902986
14313,6206	0.1721863682841548
14410,1905	0.22249364312801834
14538,16879	0.15616142810435057
14550,14621	0.16467474265341356
14550,15107	0.19008765298663652
14550,2372	0.15069899560381433
14550,6206	0.16755694112110023
14621,16954	0.16311285764563535
14621,1905	0.20504218130777674
14691,10042	0.17126589738623751
14691,11521	0.2067914925164883
14691,14410	0.18779480579521812
14691,16384	0.16500586227506253
14691,16879	0.17256955073939637
14691,2862	0.18402129161642602
14691,3624	0.16202578568022175
14691,5496	0.16375218924215257
14691,8904	0.16471847543363133
15124,11089	0.1902771617009136
15124,11149	0.16054720120619173
15124,11677	0.2091988779418104
15124,15205	0.267265597504316
15124,16882	0.1622860998481848
15124,2452	0.2214336438360729
15124,5401	0.1603930952187576
15124,6037	0.21784755585821416
15124,7624	0.2364818852576798
15124,8644	0.18857574829910723
15205,10168	0.16235898781521443
15205,12232	0.15623223355803653
15205,13651	0.17971465402164563
15205,16954	0.19363625572430856
15205,2152	0.20178096541153587
15205,2782	0.17113678155892784
15205,4306	0.18678686933686528
15393,11283	0.15164653917519977
15393,5317	0.17166365743488501
1542,16377	0.15513891405259178
15471,15107	0.1566612313068396
15582,14621	0.15182980034944574
15582,15107	0.18589971865244725
15582,1905	0.21067746241584043
15582,7617	0.20283679967679394
16242,16377	0.21451553450828736
16242,16668	0.15505977854553102
16242,1962	0.15341875803069208
16242,6972	0.2549516961029928
16377,11337	0.15557624185476968
16377,14313	0.2500036443983515
16377,14538	0.17511646455874666
16377,14550	0.20383640608177198
16377,14712	0.15736720333035534
16377,1905	0.22182515634468927
16377,7617	0.1750289989983111
16384,16377	0.20053145740531333
16384,16668	0.15977875378236486
16384,4640	0.15416846283442562
16384,6971	0.15420386556126858
16668,5317	0.18144522261026388
16765,1905	0.15649671275268695
16954,11677	0.15611769532413278
16954,2152	0.1714637361538894
16954,2782	0.17937936937330926
16954,4306	0.18678478682352156
16954,571	0.16059093398640953
17088,11064	0.1647934459140047
17088,4432	0.15257742263983556
17088,5317	0.18843205487839162
17157,15124	0.19524395602564823
17157,15205	0.16095120879487035
17157,3860	0.15987246688283155
17157,3962	0.15556166426136375
17169,16377	0.1653328168700241
17169,6037	0.16376051929552737
17308,2152	0.15119046875292855
17355,11283	0.16959363917124298
17355,14313	0.1557303478422038
17355,1905	0.19428183486085687
1905,12732	0.15762126995828726
1905,14367	0.17408145542692566
1905,2391	0.15637384446540842
1905,30	0.1808704489274015
1905,3282	0.1587166719770757
1905,7617	0.1754371716136771
1962,10947	0.15438712673551455
1962,11283	0.1842545331109209
1962,14313	0.16892723490125763
1962,14538	0.17652007855240331
1962,2452	0.16467474265341356
1962,5401	0.15677785205408704
1962,6037	0.18117033084889492
1962,7624	0.15407474973395893
1962,8644	0.1694915960174015
2372,11521	0.17061615322300178
2372,13081	0.16680307129067928
2372,571	0.1504490940025698
2372,6206	0.16346271988737768
2452,12155	0.18291755954426278
2452,12785	0.1531813515095098
2452,8904	0.16245686594236852
2782,14312	0.15217966259118806
2862,10042	0.1619049999062869
2862,11521	0.17352334185081292
2862,14410	0.16271509759698785
2862,16879	0.16536821959686707
2862,4656	0.15634468927859654
2862,6972	0.15718602466945306
3106,15107	0.16610959434722578
3106,1905	0.1834610955269696
3106,7617	0.16790888587618624
3427,14367	0.16652193198927923
3427,6972	0.18519374662893154
3624,11064	0.15316885642944758
3624,14454	0.17633681737815735
3624,3860	0.1776883685382214
3624,3962	0.15611769532413278
3624,6134	0.1641666093975497
3825,5317	0.15887494299119723
3860,13359	0.1526065778266474
3860,4656	0.1624901861558678
3860,571	0.18060388721940737
3860,6972	0.17599112016310245
3925,15124	0.1726799239466127
3938,10042	0.15419345299455006
3938,11521	0.19159539264747838
3938,13081	0.16746947556066466
3938,14410	0.17310475666872835
3938,16879	0.15673620178721295
3938,2862	0.15681741980761743
3938,5496	0.1858705634656354
3962,2372	0.15525761731318294
3962,571	0.16764857170822323
3962,6206	0.17942310215352705
4123,2152	0.16628452546809694
4356,6206	0.15314803129601054
4432,11089	0.15718810718279677
4432,11677	0.164995449708344
4432,15205	0.20079385408662007
4432,2152	0.16388130506946225
4432,2782	0.16441651099879423
4432,30	0.152637815526803
4432,4306	0.17648675833890407
457,15107	0.15991828217639303
4640,16879	0.1555450041546141
4640,2452	0.15262532044674076
4640,571	0.16026814441813536
4640,6037	0.15554292164127043
4640,7624	0.15746924648419686
4745,5317	0.1773822390766969
4996,5317	0.24975999033713808
4996,6844	0.16824833555121005
4996,9340	0.2176205619037504
5054,12470	0.1518152227560398
5085,6206	0.15466618352357092
5317,15107	0.22318503755812816
5317,30	0.16522452617615146
5496,12155	0.18422746043745275
5496,1220	0.16959780419793039
5582,11521	0.15101553763205738
5862,571	0.18497300021449886
5926,1905	0.18062887737953182
5926,5862	0.15780453113253323
5939,15124	0.16400000833005338
6037,10168	0.1509863824452455
6037,12232	0.17531846835308598
6037,16954	0.17651799603905963
6037,2372	0.21505282295096306
6037,6206	0.2011124786282068
6042,1905	0.15947678934752774
6134,1905	0.19080820260355819
6206,1180	0.15507227362559325
6206,4306	0.18044145117859842
6287,11064	0.18501881550806037
6287,1180	0.15059695244997282
6287,12672	0.17535803610661635
6287,14367	0.1993423422860582
6287,14454	0.1580815054072459
6287,17088	0.16830872843817746
6287,2152	0.23303740818719296
6287,2782	0.17924192349262477
6287,4123	0.17026420846791576
6287,4306	0.2040030071492683
6386,1905	0.1697914779388949
6386,7617	0.18186589030569214
6692,12317	0.17780290677212515
6692,12911	0.17770919367165844
6692,6972	0.17629724962462698
6971,16954	0.16468932024681948
6971,17560	0.15776912840569027
6971,4432	0.15516598672605994
6971,5317	0.1875719768674418
6971,571	0.18281135136373386
6972,14312	0.16081376291418586
7234,12672	0.18447944455204096
7234,14367	0.19290529354066835
7624,12155	0.15073648084400101
7624,4656	0.17341505115694028
8644,1180	0.15542838340736667
8644,12232	0.1728340299340468
8644,16954	0.15262532044674076
8644,2152	0.15399769674024186
8644,2782	0.16003906795032788
8644,4306	0.17779665923209403
8782,11283	0.17999787583638943
8782,14313	0.16545360264395895
8782,14550	0.15608645762397722
8782,4306	0.15702983616867525
9960,15124	0.1792044382524381
