10042,11521	0.17610357588366246
10042,14410	0.15986205431611303
10042,2452	0.17711567736870273
10042,6037	0.16595132333310425
10042,7624	0.15809608300065184
10359,6287	0.18050600909225326
10583,15107	0.1650391824885618
10730,15107	0.15061153004337877
10947,4306	0.15968295816855446
11064,15755	0.15662999360668403
11064,1905	0.21166249122741254
11064,5862	0.17736557896994726
11089,11443	0.15256701007311704
11089,16954	0.15850009058933046
11089,2452	0.18420871781735942
11089,7624	0.15585738115616976
11182,1905	0.17370035548502777
11283,12470	0.21104190225098868
11283,14312	0.1808183860938089
11283,4432	0.19400902561283162
11283,4996	0.18016239439054205
11283,5317	0.25840658574019815
11283,7234	0.17588699449591724
11283,9340	0.19897373742422256
11283,9592	0.15034288582204092
1145,1905	0.1731318293421965
1145,7617	0.1742501390077657
11521,14538	0.15663415863337143
11781,1905	0.17598487262307133
1180,571	0.15963089533496186
12155,1905	0.21741231056937999
12161,11521	0.15683407991436704
12161,6206	0.1564654750525314
1220,11521	0.15103636276549443
1220,13081	0.15900405881850688
12232,4306	0.1604930558592554
12293,1905	0.15603855981707201
12299,14313	0.1579357294731866
12317,16377	0.20756826999369
12317,16668	0.1541226475408641
12317,6972	0.23696502835341918
12470,16668	0.16030146463163464
12470,4640	0.15032622571529128
12470,6206	0.15724433504307678
12582,12155	0.15960590517483741
12582,1905	0.2064895280816512
12911,4996	0.17441674007526203
12911,5317	0.23313945134103448
12911,7234	0.17262577859967637
12911,9340	0.18920466732890592
12918,16377	0.1803414905381006
12918,1905	0.20211000251984115
13050,15107	0.17444589526207388
13050,2452	0.15428091855498563
13050,6037	0.16916047639575252
13050,7624	0.15870625941035718
13050,8644	0.16640114621534438
1307,11677	0.15570744019542304
13651,2152	0.16785890555593735
13651,4306	0.15187145061631982
13728,14621	0.1705307701759099
13728,15107	0.2065374258885564
13728,2862	0.18522290181574338
13728,3624	0.17713025496210866
13728,5496	0.1658180424791072
13728,8904	0.17228216389796516
14240,12470	0.15316885642944758
14240,1962	0.15424135080145526
14240,6972	0.1565571056396544
14313,11149	0.1638583974226815
14313,11677	0.20867200206585323
14313,1307	0.17281945234064086
14313,15205	0.2477128797202768
14313,3962	0.1698851910393616
14367,11677	0.1836068714610289
14410,14454	0.16374802421546517
14454,1905	0.2181536853197387
14550,3860	0.17178444320881986
14550,3962	0.17089521001105815
14550,6974	0.15519930693955922
14574,5317	0.18186589030569214
14621,15205	0.1589061806913528
14691,12232	0.15357911155815732
14691,16954	0.17757591281766139
14691,17560	0.1514278752741108
14691,1905	0.22282684526301103
14691,5862	0.157348460710262
15124,10042	0.18785519868218556
15124,11521	0.22083804501977347
15124,13081	0.19348006722353073
15124,14149	0.18799056204952633
15124,14410	0.2036614749609008
15124,16879	0.21000897563251136
15124,17308	0.16100535414180667
15124,4432	0.21154795299350881
15124,4996	0.23799587245855278
15124,5317	0.321217270699662
15124,6844	0.17751968495738135
15124,7234	0.21760806682368816
15124,9340	0.25993931556116445
15205,11149	0.15198390633687986
15205,11677	0.19647055638509003
15205,2452	0.18696804799776753
15205,5401	0.1651391431290596
15205,7624	0.18548738101039383
15394,571	0.15281691167436157
15582,12470	0.20469856660606553
15582,1542	0.15887910801788463
15582,1962	0.17794243516615332
15582,30	0.1518527079962265
15582,4656	0.16751529085422615
15582,6972	0.18784895114215444
15755,15107	0.1610719945688052
15755,1905	0.17614939117722397
16242,11064	0.16789847330946772
16242,12672	0.18225740281430852
16242,14367	0.24433504307678852
16242,14454	0.15211926970422063
16242,14691	0.16686554669099044
16242,17169	0.17800074553977704
16242,2862	0.1532354968564461
16242,3624	0.15614893302428837
16242,5496	0.1816493089179469
16242,9756	0.1659679834398539
16377,16668	0.17677414518033524
16377,4656	0.1823427858614004
16377,6972	0.21652515988496196
16384,11064	0.15991411714970563
16384,14367	0.16547234526405227
16384,3860	0.15615726307766317
16384,6386	0.1516611167686057
16668,4306	0.15948095437421514
16879,15107	0.1790586623183788
16882,15205	0.15537007303374295
16882,2452	0.15062819015012838
16882,6037	0.16209034359387658
16954,11521	0.1860559071532251
16954,13081	0.15228378825837327
16954,14410	0.16669269808346296
16954,16879	0.1515715686948264
16954,2452	0.18486887454731366
16954,7624	0.17448129798891687
17088,11337	0.15748382407760278
17088,14313	0.165474427777396
17088,14550	0.15644673243243806
17088,2152	0.160488890832568
17088,2782	0.15422052566801822
17088,4306	0.17261328351961416
17157,10042	0.155686615061986
17157,11521	0.16781517277571956
17157,14410	0.15544712602746003
17157,16879	0.16517038082921517
17157,3938	0.15350622359112767
17157,6287	0.1705765854694714
17169,14367	0.1507343983306573
17169,4432	0.15850425561601786
17169,4996	0.16189875236625578
17169,5317	0.20271809641620278
17169,9340	0.17173238037522726
17355,12582	0.16162177809154313
17355,16377	0.15691113290808412
17355,1962	0.16409372143052006
17560,1905	0.1661595746674747
17627,15107	0.15041160876238316
17627,1905	0.17207807759028215
1798,1905	0.16535572451680483
1865,12232	0.15348539845769063
1905,11337	0.17457084606269616
1905,1428	0.16206535343375214
1905,14538	0.20016285254347768
1905,14712	0.1625984768497404
1905,2913	0.1551430790792792
1905,4656	0.18417748011720386
1905,571	0.21627942331040487
1962,12582	0.16216739658759363
1962,16377	0.16932707746324885
1962,30	0.15492233266484656
1962,4432	0.1770865221818909
1962,5317	0.20759326015381444
1962,9340	0.1530876384090431
2152,14538	0.18617252790047253
2152,14712	0.15674244932724407
2452,15107	0.2185139601281995
2452,17627	0.16041183783885096
2452,1905	0.24973500017701364
2452,191	0.15691946296145892
2782,12155	0.15045950656928833
2782,6206	0.1607304623804377
2862,12232	0.1509280720716218
2862,16954	0.16407289629708302
2862,571	0.18799889210290116
2862,8904	0.16530574419655594
3106,12470	0.18489594722078181
3106,4656	0.16314409534579094
3106,6972	0.1725341480125534
3427,11283	0.17726978335613686
3427,12918	0.17423556141435975
3427,14313	0.19301150172119727
3427,14712	0.16315659042585315
3427,5496	0.17339630853684695
3624,11283	0.1768491156607086
3624,1220	0.16667395546336963
3624,14313	0.17792161003271628
3624,14550	0.15374363011230993
3624,3938	0.1711596892057086
3624,6287	0.1617113261653224
3825,14313	0.1562634712581921
3860,14454	0.17745096201703914
3860,30	0.15780036610584583
3860,8904	0.15199640141694207
3925,11521	0.1691667239357836
3925,14410	0.1542663409615797
3938,11443	0.15155282607473308
3938,12232	0.1554866937809904
3938,16954	0.16681973139742892
3938,1905	0.23631320167683975
3938,571	0.16323780844625763
4123,7624	0.15474115400394428
4306,8904	0.17765713083806584
4432,11521	0.19128093313257905
4432,13081	0.17193646668291027
4432,14410	0.1733296681098484
4432,16879	0.15843553267567562
4432,2452	0.1899335469992024
4432,5401	0.15489109496469097
4432,6037	0.21137718689932505
4432,7624	0.17745929207041394
4577,5317	0.16676350353714892
4640,16954	0.1574505038641035
4640,5317	0.1795522179808367
4656,14538	0.1505386420763491
4656,8904	0.15454123272294867
4996,11677	0.18295504478444946
4996,2152	0.18799889210290116
4996,4306	0.15986621934280043
5085,3860	0.15065318031025285
5317,16082	0.15284814937451713
5401,5317	0.15865211406342086
5496,15107	0.181507698010575
5496,2372	0.1832195239790999
5496,6206	0.15463911085010276
5862,11521	0.15897698614503872
5862,1905	0.1833194846195977
5926,15124	0.17594946989622837
6037,11089	0.17301520859494907
6037,11677	0.16339607946037915
6037,15205	0.20367397004096305
6037,3962	0.18490844230084405
6134,14454	0.15878747743076163
6196,15124	0.1681275497772752
6206,14538	0.179198190712407
6287,10947	0.15770457049203543
6287,11283	0.2401637688493489
6287,11337	0.1598558067760819
6287,12918	0.18304667537157243
6287,13050	0.2113855169526999
6287,14313	0.251140696684014
6287,14538	0.22402012540895355
6287,14550	0.18663484586277487
6287,14712	0.1579857097934355
6287,2452	0.18506671331496558
6287,3106	0.20485683762018705
6287,571	0.1972390038089169
6287,6037	0.1909185758107745
6287,7624	0.21108563503120648
6287,8644	0.17678039272036636
6386,6972	0.18308207809841542
6971,11089	0.15437463165545234
6971,2152	0.15818979610111852
6971,2782	0.16378550945565185
6971,4306	0.17955846552086782
6972,1905	0.20760992026056407
6972,7617	0.1619653927932543
6974,571	0.16125733825639488
7234,14313	0.24918938168096313
7234,14538	0.15114048843267963
7234,14712	0.1545516452896672
7234,1905	0.1703350139216017
7617,14538	0.17352958939084404
7617,9340	0.15535549544033703
7624,15107	0.19029798683435065
7624,8904	0.1614135267571727
7635,1905	0.15820020866783704
8387,12155	0.1558865363429816
8387,14240	0.16299831941173162
8387,2862	0.15175482986907238
8387,3624	0.1550514484921562
8387,5496	0.15038245357557128
8596,11064	0.15367907219865512
8644,11089	0.15959341009477518
8644,15205	0.17197186940975323
8644,16882	0.15722767493632717
8644,2452	0.18872152423316652
8644,6037	0.20514630697496195
8644,7624	0.16010987340401384
8782,16377	0.15871250695038827
8782,2452	0.16311910518566647
8782,571	0.19356753278396632
8782,6037	0.15904570908538096
8782,8644	0.15540547576058594
9340,1307	0.16474971313378692
9756,12470	0.166509436909217
9756,3860	0.16789014325609292
9960,16384	0.1558282259693579
9960,1905	0.16958739163121186
