10042,14313	0.1617009135986039
10042,14550	0.16932499494990513
10359,5317	0.1808308811738711
10947,16377	0.15348539845769063
11064,12232	0.18053308176572141
11064,16954	0.16683430899083485
11064,3860	0.17649717090562259
11064,3962	0.161559302691232
11064,6974	0.1636126608481244
11283,10042	0.18912344930850145
11283,11521	0.2086428468790414
11283,13081	0.17035375654169505
11283,14149	0.15016795470116975
11283,14410	0.19494407410415482
11283,16879	0.21243718619127053
11283,17308	0.16461851479313352
11283,1905	0.25135311304507185
11283,5862	0.16985395333920603
11283,7617	0.1903708748013803
1145,3860	0.15755671204463242
11521,15107	0.21229765779724233
11677,14712	0.16353560785440732
12155,15107	0.19010223058004244
12155,3962	0.1670529728919238
12161,11283	0.15714020937589157
1220,14313	0.1629358440114205
12232,11521	0.16836287378511378
12232,16879	0.1522942008250918
12317,12470	0.25072002898858575
12317,14312	0.15093223709830922
12317,3938	0.15523054463971478
12317,6287	0.21665844073895904
12470,14312	0.1631774155592902
12470,2152	0.22402220792229727
12470,2782	0.17167615251494725
12470,4123	0.1548494446978169
12470,4306	0.1869451403509868
12582,12232	0.17363371505802924
12582,3860	0.1702371357944476
12582,3962	0.1508822567780603
12582,6134	0.1691625589090962
12911,11283	0.16599297359997833
12911,14313	0.20673318214286457
12911,14538	0.15242539916574516
12911,1905	0.16314617785913463
12918,12470	0.1788649885774143
12918,14312	0.17507064926518517
12918,3860	0.1722425961444348
12918,3962	0.16243395829558777
13050,11149	0.1770532019683916
13050,15124	0.18452734235894616
13050,15205	0.16875438629373019
13081,4306	0.15123420153314632
13462,16377	0.1607866902407177
13728,11089	0.16724039909285718
13728,11677	0.1621944692610618
13728,15124	0.22833301054376506
13728,15205	0.18941083614993262
13728,2372	0.16089498093459034
13728,4640	0.1617654715122587
13728,6206	0.17275489442698605
13728,6971	0.17520393011918223
14149,5317	0.1834610955269696
14240,10042	0.161707161138635
14240,11521	0.2379146544381483
14240,13081	0.15562830468836228
14240,14410	0.1759119846560417
14240,3938	0.1788087607171343
14240,6287	0.16326279860638207
14313,12672	0.20608343797962886
14313,14367	0.24040950542390602
14313,14454	0.1632357259329139
14313,2452	0.19159539264747838
14313,7624	0.21537561251923723
14454,3962	0.15699235092848857
14538,571	0.15086767918465438
14550,11521	0.17986042995570495
14550,14410	0.16326279860638207
14550,16879	0.1681775300975241
14550,2452	0.18337154745319031
14550,571	0.18761779216100327
14550,6037	0.18171386683160173
14550,7624	0.17271324416011197
14574,1905	0.15316260888941646
14660,5317	0.15703191868201896
14691,16377	0.18717838184548166
14691,3860	0.17851929136235942
14691,3962	0.17707610961517237
14691,5054	0.15258575269321037
15107,8904	0.17343171126368992
15124,11337	0.17825272965436526
15124,12918	0.2324230667508002
15124,14313	0.2889820466524639
15124,14538	0.19869676314950988
15124,14550	0.2011562114084246
15124,14712	0.19907161555137665
15124,1905	0.2611242656537322
15124,457	0.15981207399586414
15124,571	0.21601910914244182
15124,5862	0.1718968989293799
15124,7617	0.19431307256101243
15124,985	0.15604897238379056
15205,12672	0.1852416444358367
15205,14367	0.21333891446909445
15205,14454	0.1783610203482379
15205,9471	0.15909568940562988
1542,5317	0.18276137104348497
15582,11521	0.1660221287867902
15582,13081	0.15012630443429567
15582,14410	0.15691738044811523
15582,16384	0.15373738257227884
15582,16879	0.17174279294194578
15582,17308	0.1576879103852858
15582,3938	0.17280279223389125
15582,6287	0.26786744386064654
15582,6692	0.15130917201351968
16139,5317	0.17328385281628692
16242,12317	0.2592687462644917
16242,12911	0.199829650408485
16242,14240	0.15178815008257165
16242,6971	0.15325840450322686
16377,1220	0.1581314857274948
16377,12470	0.22150861431644622
16377,14312	0.16113238745577263
16384,2452	0.16172798627207205
16384,3106	0.1562676362848795
16384,6037	0.16536613708352335
16384,7624	0.17237795951177556
17088,14621	0.15100096003865146
17088,15107	0.17992290535601607
17088,4656	0.1525378548863052
17088,6972	0.15449333491604347
17157,11283	0.2109606842305842
17157,12918	0.15893533587816464
17157,14313	0.1908748430305567
17157,14550	0.18156392587085501
17157,4432	0.15444543710913827
17157,5317	0.18705134853151573
17157,9340	0.16154680761116977
17169,1905	0.1910143714245849
17355,1220	0.15818563107443112
17355,3938	0.1715532842276687
17355,6287	0.1608783208278407
17627,3962	0.15113632340599223
1798,15124	0.18256769730252045
1905,15107	0.2557513812269752
1962,12470	0.15623848109806765
1962,1905	0.21181451470150295
1962,2391	0.15586362869620088
2152,15107	0.1783131225413327
2152,5317	0.27973776991976074
2152,9340	0.20338866571287556
2452,11677	0.15667789141358923
2452,3962	0.19344258198334405
2782,2152	0.16268177738348857
2782,4306	0.19171826093475694
2862,4640	0.16037643511200797
2862,6206	0.1612760808764882
3106,11521	0.15356245145140768
3106,14410	0.1508801742647166
3106,16879	0.17162617219469833
3106,571	0.16599713862666576
3151,15107	0.15041993881575796
3427,15107	0.16503501746187438
3624,15107	0.18741162333997655
3624,4432	0.18463146802613137
3624,5317	0.1816513914312906
3624,9340	0.1554866937809904
3860,10583	0.1644560787523246
3860,12155	0.1804706063654103
3860,15755	0.15477447421744356
3860,2372	0.17329634789634915
3860,6206	0.19589578270222766
3925,11283	0.1528356542944549
3938,12582	0.1633169439533184
3938,16377	0.17788204227918591
3938,3860	0.19869259812282247
3938,3962	0.2017413976580055
3938,6134	0.16364598106162365
4432,14313	0.1905749611090633
4432,14538	0.16942079056371553
457,11521	0.15707773397558045
457,4432	0.15257325761314816
4640,1905	0.1789670317312558
4656,15107	0.17272573924017418
4656,6206	0.16549941793752043
4996,14367	0.20520878237527307
5085,6037	0.15656960071971662
5085,8644	0.15696319574167672
5317,11521	0.20420709345695132
5317,1180	0.15525761731318294
5317,13081	0.19510859265830746
5317,16879	0.21112936781142425
5317,4306	0.21927824252533898
5401,14454	0.1510738480056811
5401,1905	0.1841045921501742
5496,11677	0.15569286260201712
5496,15205	0.2307070757555879
5496,2152	0.1617613064855713
5496,2782	0.1515278359146086
5496,4306	0.1671466859923905
5862,14313	0.15051365191622465
5926,11064	0.1874845113070062
5926,14454	0.15700692852189452
5926,14691	0.1656264512514864
6037,14367	0.15005758149395343
6037,14454	0.1880322123164004
6037,2452	0.20879695286647548
6037,5401	0.16179462669907058
6037,7624	0.1801290741770428
6134,12155	0.16918963158256436
6134,1220	0.1679234634695922
6206,15107	0.21251007415830017
6206,8904	0.15682574986099224
6287,14621	0.1715012213940761
6287,15107	0.20156854905047805
6287,2862	0.17344420634375216
6287,5496	0.1742584690611405
6287,8904	0.17094102530461963
6287,9756	0.16389796517621186
6386,15124	0.2023307489342738
6386,15205	0.1738502964457745
6692,15124	0.20258481556220573
6692,15205	0.17211972785715624
6844,14712	0.15205054676387839
6971,11064	0.17963135348789747
6971,17088	0.1674028351336661
6971,4656	0.15515557415934142
6971,6972	0.15411223497414558
6972,1307	0.16892098736122652
6972,13651	0.19519397570539934
6972,16954	0.18972529566483198
6972,3962	0.1588686954511661
6974,1905	0.16205910589372102
7234,1145	0.150145047054389
7234,15107	0.15270862098048893
7234,3860	0.1512258714797715
7617,15107	0.1565112903460929
7624,11677	0.16228818236152848
7624,6206	0.16550983050423895
8387,2372	0.15312928867591719
8387,6206	0.16961654681802374
8596,4306	0.1547557315973502
8644,11064	0.16598464354660353
8644,14454	0.16896888516813172
8644,17088	0.15470158625041389
8644,2862	0.1608783208278407
8644,8904	0.1548952599913784
9340,571	0.15831266438839706
9960,11283	0.1708827149309959
9960,12918	0.151363317360456
9960,13728	0.1612698333364571
9960,14313	0.15625097617812986
