[6287, 5317] -> 10359	0.5103774946892251
[10359, 5317] -> 6287	0.8549629749058538
[10359, 6287] -> 5317	0.8565017247943515
[1905, 15107] -> 11089	0.6272667312656238
[11089, 15107] -> 1905	0.8778903463287331
[11089, 1905] -> 15107	0.7680512074019422
[2452, 3962] -> 11089	0.7880265693462091
[11089, 3962] -> 2452	0.7355057173288319
[11089, 2452] -> 3962	0.8275281216437737
[11089, 3962] -> 11283	0.7638813528667028
[11283, 3962] -> 11089	0.780699952761404
[11283, 11089] -> 3962	0.8288324629591268
[11521, 4306] -> 11283	0.8291557876414273
[11283, 4306] -> 11521	0.6797959256484356
[11283, 11521] -> 4306	0.7607298279235037
[12918, 5317] -> 11283	0.7538631685662498
[11283, 5317] -> 12918	0.5932835820895522
[11283, 12918] -> 5317	0.7664525398494518
[14313, 1905] -> 11283	0.7452495035435152
[11283, 1905] -> 14313	0.6778296063696695
[11283, 14313] -> 1905	0.7372310132285622
[14410, 15107] -> 11283	0.7853766739914589
[11283, 15107] -> 14410	0.7046143545297301
[11283, 14410] -> 15107	0.8094220702916355
[14410, 4306] -> 11283	0.8443945154971773
[11283, 4306] -> 14410	0.6536533590210141
[11283, 14410] -> 4306	0.7828757611366308
[14550, 15107] -> 11283	0.843489121146388
[11283, 15107] -> 14550	0.7159782022430116
[11283, 14550] -> 15107	0.7212162655850421
[14550, 1905] -> 11283	0.8270267051713359
[11283, 1905] -> 14550	0.6904645517287091
[11283, 14550] -> 1905	0.7806525343550065
[14621, 4306] -> 11283	0.8636943993926638
[11283, 4306] -> 14621	0.669725998073424
[11283, 14621] -> 4306	0.7866796580336938
[15124, 15205] -> 11283	0.6143698670697689
[11283, 15205] -> 15124	0.7872733445163351
[11283, 15124] -> 15205	0.6524207094569435
[16377, 14313] -> 11283	0.6824046847537255
[11283, 14313] -> 16377	0.7382222542623365
[11283, 16377] -> 14313	0.697826161027633
[16377, 14550] -> 11283	0.8319677155700859
[11283, 14550] -> 16377	0.7628169700148942
[11283, 16377] -> 14550	0.6936607720876351
[16377, 2152] -> 11283	0.7360937265308166
[11283, 2152] -> 16377	0.7314646208344527
[11283, 16377] -> 2152	0.6261712494463184
[16377, 2782] -> 11283	0.8495667207602804
[11283, 2782] -> 16377	0.7587049596483917
[11283, 16377] -> 2782	0.6822890047361069
[16377, 4306] -> 11283	0.8017752033891952
[11283, 4306] -> 16377	0.7629865496450106
[11283, 16377] -> 4306	0.7286704828103173
[1905, 11521] -> 11283	0.7234514745486584
[11283, 11521] -> 1905	0.8687367748632571
[11283, 1905] -> 11521	0.7211198289932641
[1905, 16879] -> 11283	0.8224772835963654
[11283, 16879] -> 1905	0.7586609155965102
[11283, 1905] -> 16879	0.6412006926435619
[1905, 3962] -> 11283	0.7545728240997608
[11283, 3962] -> 1905	0.8519378093614575
[11283, 1905] -> 3962	0.6873410275317531
[3962, 15107] -> 11283	0.7960574479996555
[11283, 15107] -> 3962	0.6876057804973311
[11283, 3962] -> 15107	0.7593193534473907
[4306, 8904] -> 11283	0.8724050217444819
[11283, 8904] -> 4306	0.781116510458758
[11283, 4306] -> 8904	0.6638124799314996
[5317, 9340] -> 11283	0.5883496626129389
[11283, 9340] -> 5317	0.8076299126066251
[11283, 5317] -> 9340	0.6218771155024015
[6037, 15107] -> 11283	0.7397923565738835
[11283, 15107] -> 6037	0.768659214759983
[11283, 6037] -> 15107	0.8149247256701733
[6971, 15107] -> 11283	0.8398639673888151
[11283, 15107] -> 6971	0.6820819461751633
[11283, 6971] -> 15107	0.7533045076874094
[6971, 4306] -> 11283	0.8610215490246109
[11283, 4306] -> 6971	0.662162403225231
[11283, 6971] -> 4306	0.7624657224727063
[6972, 1905] -> 11283	0.7548047987802432
[11283, 1905] -> 6972	0.6234454874603346
[11283, 6972] -> 1905	0.7664290079445916
[8644, 15107] -> 11283	0.7530067554375415
[11283, 15107] -> 8644	0.7173080142094593
[11283, 8644] -> 15107	0.8281263420080734
[1905, 15107] -> 12155	0.6614580364631256
[12155, 15107] -> 1905	0.8898833324204415
[12155, 1905] -> 15107	0.7781013228096054
[12470, 11677] -> 12317	0.7945965102462007
[12317, 11677] -> 12470	0.8155946420165191
[12317, 12470] -> 11677	0.633192959723572
[12470, 15205] -> 12317	0.7367989147728224
[12317, 15205] -> 12470	0.8118506763115647
[12317, 12470] -> 15205	0.7308564451421594
[12470, 2152] -> 12317	0.7243825123404571
[12317, 2152] -> 12470	0.83076398217446
[12317, 12470] -> 2152	0.6472469329612186
[14313, 7624] -> 12317	0.7094303864785682
[12317, 7624] -> 14313	0.7837837837837838
[12317, 14313] -> 7624	0.6061682598170838
[15124, 1905] -> 12317	0.6423769230155755
[12317, 1905] -> 15124	0.8405196702493999
[12317, 15124] -> 1905	0.644623535437608
[1905, 15107] -> 12317	0.5901684729946503
[12317, 15107] -> 1905	0.8499126376396918
[12317, 1905] -> 15107	0.7563184806428049
[2152, 5317] -> 12317	0.6078599239170085
[12317, 5317] -> 2152	0.6636107995643763
[12317, 2152] -> 5317	0.8705089660760357
[6972, 13651] -> 12317	0.788626907073509
[12317, 13651] -> 6972	0.7838350847799116
[12317, 6972] -> 13651	0.6496115583365557
[7624, 5317] -> 12317	0.6677868372449209
[12317, 5317] -> 7624	0.6024040571512167
[12317, 7624] -> 5317	0.7918064309368658
[12672, 5317] -> 12470	0.728839345797127
[12470, 5317] -> 12672	0.5392108054286889
[12470, 12672] -> 5317	0.8505337673275215
[14313, 4996] -> 12470	0.8084882660562411
[12470, 4996] -> 14313	0.7945660225516467
[12470, 14313] -> 4996	0.6789110543300749
[14313, 5317] -> 12470	0.7137220427689415
[12470, 5317] -> 14313	0.7556657070499361
[12470, 14313] -> 5317	0.8183736140087671
[14313, 9340] -> 12470	0.7757706859943485
[12470, 9340] -> 14313	0.8126275126258403
[12470, 14313] -> 9340	0.7594098939653219
[15205, 1905] -> 12470	0.6419675995145204
[12470, 1905] -> 15205	0.7257352502535346
[12470, 15205] -> 1905	0.6112190383681398
[2452, 11521] -> 12470	0.5778969151239624
[12470, 11521] -> 2452	0.870992991498278
[12470, 2452] -> 11521	0.873148472301025
[6972, 11677] -> 12470	0.8142409526988468
[12470, 11677] -> 6972	0.7882278137964102
[12470, 6972] -> 11677	0.6181519446760507
[6972, 15205] -> 12470	0.795007159739834
[12470, 15205] -> 6972	0.7717338513841671
[12470, 6972] -> 15205	0.7533637418869652
[4996, 5317] -> 12911	0.6020328185972051
[12911, 5317] -> 4996	0.6449518092737001
[12911, 4996] -> 5317	0.8620944921375951
[6972, 5317] -> 12911	0.588730549992297
[12911, 5317] -> 6972	0.682700467168672
[12911, 6972] -> 5317	0.8376331594406209
[1905, 5317] -> 12918	0.5976975304156877
[12918, 5317] -> 1905	0.7581436310200403
[12918, 1905] -> 5317	0.7628463385230446
[11064, 1905] -> 13728	0.7376571754658691
[13728, 1905] -> 11064	0.6753988487212518
[13728, 11064] -> 1905	0.8209581166164795
[11283, 2862] -> 13728	0.7635213355809655
[13728, 2862] -> 11283	0.845348654179128
[13728, 11283] -> 2862	0.6824262997386
[15124, 16954] -> 13728	0.6870732435356889
[13728, 16954] -> 15124	0.8180475344291425
[13728, 15124] -> 16954	0.6717893527174557
[15124, 5317] -> 13728	0.5383513241920322
[13728, 5317] -> 15124	0.8062724536362754
[13728, 15124] -> 5317	0.7573488503598041
[15124, 9340] -> 13728	0.5773113283127704
[13728, 9340] -> 15124	0.8255619457874115
[13728, 15124] -> 9340	0.6572238993825414
[1905, 5317] -> 13728	0.6493012666811984
[13728, 5317] -> 1905	0.7809204777162831
[13728, 1905] -> 5317	0.7245218769987478
[1905, 571] -> 13728	0.7221221895912571
[13728, 571] -> 1905	0.8135997743496279
[13728, 1905] -> 571	0.6755970344212527
[2452, 15107] -> 13728	0.7428236505032023
[13728, 15107] -> 2452	0.7858979400465834
[13728, 2452] -> 15107	0.7988336698404239
[2862, 4306] -> 13728	0.7628737712334965
[13728, 4306] -> 2862	0.7599901660503375
[13728, 2862] -> 4306	0.8341503451687616
[3624, 1905] -> 13728	0.7075920179908338
[13728, 1905] -> 3624	0.6717684470348717
[13728, 3624] -> 1905	0.8767282731376976
[4432, 1905] -> 13728	0.6700507614213198
[13728, 1905] -> 4432	0.6849297792031134
[13728, 4432] -> 1905	0.8688775626814162
[12155, 1905] -> 14240	0.7152750505273039
[14240, 1905] -> 12155	0.6920923852598799
[14240, 12155] -> 1905	0.8940638394674457
[14313, 11521] -> 14240	0.7938487024947413
[14240, 11521] -> 14313	0.6375652113021253
[14240, 14313] -> 11521	0.8987463600019742
[14454, 1905] -> 14240	0.6918906018805784
[14240, 1905] -> 14454	0.6717487209905835
[14240, 14454] -> 1905	0.8814072551714073
[14691, 1905] -> 14240	0.731147020065608
[14240, 1905] -> 14691	0.7250685845629125
[14240, 14691] -> 1905	0.8884951731970471
[15205, 11521] -> 14240	0.8207022613340339
[14240, 11521] -> 15205	0.6563233080074228
[14240, 15205] -> 11521	0.888190002369107
[1905, 5317] -> 14240	0.5993363849935818
[14240, 5317] -> 1905	0.8606506063205731
[14240, 1905] -> 5317	0.6880514569585526
[3624, 1905] -> 14240	0.6955981288014651
[14240, 1905] -> 3624	0.6794227774894342
[14240, 3624] -> 1905	0.8852326381760877
[3938, 2452] -> 14240	0.836285303973193
[14240, 2452] -> 3938	0.6917566594672426
[14240, 3938] -> 2452	0.8952505182735087
[5317, 11677] -> 14313	0.7896753240439125
[14313, 11677] -> 5317	0.8104728448533962
[14313, 5317] -> 11677	0.5534271033514605
[5317, 11677] -> 14367	0.7142871033926158
[14367, 11677] -> 5317	0.8331783227094345
[14367, 5317] -> 11677	0.6099693595396457
[1905, 15107] -> 14410	0.6915942642640197
[14410, 15107] -> 1905	0.8803640283593848
[14410, 1905] -> 15107	0.7949718735667688
[1905, 5317] -> 14550	0.5883972325155207
[14550, 5317] -> 1905	0.7739184913033322
[14550, 1905] -> 5317	0.723282423809382
[1905, 11521] -> 14621	0.6211723243674568
[14621, 11521] -> 1905	0.8912900878981955
[14621, 1905] -> 11521	0.7590164433926812
[1905, 5317] -> 14621	0.5890673060621473
[14621, 5317] -> 1905	0.8124394561913352
[14621, 1905] -> 5317	0.7410800434698707
[11064, 1905] -> 14691	0.7325409787677837
[14691, 1905] -> 11064	0.6958382788624192
[14691, 11064] -> 1905	0.8094497776714756
[11283, 16377] -> 14691	0.6253194316671777
[14691, 16377] -> 11283	0.8167465871541261
[14691, 11283] -> 16377	0.7302443100429731
[11283, 5317] -> 14691	0.5899229554172979
[14691, 5317] -> 11283	0.7774001699235343
[14691, 11283] -> 5317	0.7281553398058253
[12918, 1905] -> 14691	0.770842134547815
[14691, 1905] -> 12918	0.6991747586426041
[14691, 12918] -> 1905	0.8175082776933921
[15124, 12470] -> 14691	0.5508814996652533
[14691, 12470] -> 15124	0.8888342115054552
[14691, 15124] -> 12470	0.6921804314502561
[15124, 5317] -> 14691	0.5151155629031735
[14691, 5317] -> 15124	0.8438190314358538
[14691, 15124] -> 5317	0.7426440348450294
[2452, 15107] -> 14691	0.7554608874656907
[14691, 15107] -> 2452	0.8185817404504477
[14691, 2452] -> 15107	0.7852925442333222
[2452, 4306] -> 14691	0.8062725153634245
[14691, 4306] -> 2452	0.7967333263532614
[14691, 2452] -> 4306	0.7538586515028431
[2782, 1905] -> 14691	0.7434931677018634
[14691, 1905] -> 2782	0.6992027962878158
[14691, 2782] -> 1905	0.8519016169437487
[12470, 14313] -> 15124	0.7885479422083655
[15124, 14313] -> 12470	0.7272386607670468
[15124, 12470] -> 14313	0.75069552927174
[12470, 14712] -> 15124	0.8098593071254132
[15124, 14712] -> 12470	0.784019583228722
[15124, 12470] -> 14712	0.5575094844900691
[12470, 2152] -> 15124	0.7991038643525792
[15124, 2152] -> 12470	0.7693657087111008
[15124, 12470] -> 2152	0.639455478687793
[12470, 4306] -> 15124	0.8489456271095813
[15124, 4306] -> 12470	0.7095677920336679
[15124, 12470] -> 4306	0.5669047087703638
[14313, 13651] -> 15124	0.7911847071715574
[15124, 13651] -> 14313	0.766748281660226
[15124, 14313] -> 13651	0.5619243907008922
[14313, 16954] -> 15124	0.808344493664366
[15124, 16954] -> 14313	0.731931644341629
[15124, 14313] -> 16954	0.5654555150397071
[14313, 2452] -> 15124	0.8274602726027696
[15124, 2452] -> 14313	0.7159597479544814
[15124, 14313] -> 2452	0.5486070074802185
[14313, 7624] -> 15124	0.8128426528461338
[15124, 7624] -> 14313	0.740295537003769
[15124, 14313] -> 7624	0.6058040153928197
[15205, 16954] -> 15124	0.8098879352993051
[15124, 16954] -> 15205	0.702445804261035
[15124, 15205] -> 16954	0.586770870669638
[16377, 14313] -> 15124	0.7414055927163075
[15124, 14313] -> 16377	0.6414035138290359
[15124, 16377] -> 14313	0.7488284437863351
[16377, 14550] -> 15124	0.743175316714344
[15124, 14550] -> 16377	0.7530773451492344
[15124, 16377] -> 14550	0.6120024566923834
[1905, 15107] -> 15124	0.7321613236814891
[15124, 15107] -> 1905	0.8347428910942563
[15124, 1905] -> 15107	0.7170963960155994
[2452, 1905] -> 15124	0.7519513008672448
[15124, 1905] -> 2452	0.7191539927744858
[15124, 2452] -> 1905	0.8480579328505596
[2782, 1905] -> 15124	0.7861068322981366
[15124, 1905] -> 2782	0.6308527861295647
[15124, 2782] -> 1905	0.8042417341087479
[3860, 5317] -> 15124	0.7509000126634948
[15124, 5317] -> 3860	0.5382022107685824
[15124, 3860] -> 5317	0.7958565416215284
[4432, 14313] -> 15124	0.8007146603724101
[15124, 14313] -> 4432	0.5280472161768733
[15124, 4432] -> 14313	0.7213313251232981
[4996, 14367] -> 15124	0.8008301281726017
[15124, 14367] -> 4996	0.6692760457305696
[15124, 4996] -> 14367	0.6905051494973006
[4996, 2152] -> 15124	0.8005427859318747
[15124, 2152] -> 4996	0.6468124334338724
[15124, 4996] -> 2152	0.632368768758258
[5317, 11521] -> 15124	0.813467539619409
[15124, 11521] -> 5317	0.7522066312096866
[15124, 5317] -> 11521	0.5171448021005544
[5317, 16879] -> 15124	0.7770116983290919
[15124, 16879] -> 5317	0.7811570346277418
[15124, 5317] -> 16879	0.5107134753152452
[5496, 15205] -> 15124	0.7709034779704467
[15124, 15205] -> 5496	0.6654537237606944
[15124, 5496] -> 15205	0.7759465033662538
[6037, 6972] -> 15124	0.8515639698965193
[15124, 6972] -> 6037	0.552704486998466
[15124, 6037] -> 6972	0.6922701896604466
[6972, 13651] -> 15124	0.8161954550304065
[15124, 13651] -> 6972	0.7522542454546348
[15124, 6972] -> 13651	0.5838822191523626
[6972, 16954] -> 15124	0.843739023533544
[15124, 16954] -> 6972	0.7170254841237267
[15124, 6972] -> 16954	0.5866756218373873
[6972, 2152] -> 15124	0.8122197829380662
[15124, 2152] -> 6972	0.705301125023494
[15124, 6972] -> 2152	0.6014516535264801
[6972, 4306] -> 15124	0.8530594415385132
[15124, 4306] -> 6972	0.70913018379546
[15124, 6972] -> 4306	0.5812872549094433
[1905, 15107] -> 15205	0.6646011285817814
[15205, 15107] -> 1905	0.8512087270300147
[15205, 1905] -> 15107	0.7178325799018487
[1905, 4306] -> 15205	0.6741768727650034
[15205, 4306] -> 1905	0.8113453669740113
[15205, 1905] -> 4306	0.6400239221825473
[4996, 14367] -> 15205	0.7740184089548301
[15205, 14367] -> 4996	0.7445213435764279
[15205, 4996] -> 14367	0.7134531916485819
[4996, 5317] -> 15205	0.7381849714838409
[15205, 5317] -> 4996	0.6828275037599784
[15205, 4996] -> 5317	0.8281448776472349
[4996, 9340] -> 15205	0.7806294797079398
[15205, 9340] -> 4996	0.7071157996931425
[15205, 4996] -> 9340	0.7630677991468983
[5317, 13081] -> 15205	0.7753951904705995
[15205, 13081] -> 5317	0.7085548197060286
[15205, 5317] -> 13081	0.5603023408275808
[1145, 5317] -> 15582	0.7858185076155126
[15582, 5317] -> 1145	0.6956896160993519
[15582, 1145] -> 5317	0.8784913003663004
[5317, 15107] -> 15582	0.6768248873295948
[15582, 15107] -> 5317	0.8125735154088297
[15582, 5317] -> 15107	0.5479460333288009
[6287, 1145] -> 15582	0.8003337142028039
[15582, 1145] -> 6287	0.8418803418803419
[15582, 6287] -> 1145	0.6861389910360965
[6287, 12470] -> 15582	0.7274787085853333
[15582, 12470] -> 6287	0.8394713817730483
[15582, 6287] -> 12470	0.6415060601584427
[6287, 3860] -> 15582	0.7497684582964775
[15582, 3860] -> 6287	0.7771689300700056
[15582, 6287] -> 3860	0.5601390065849317
[6287, 6386] -> 15582	0.7498970749194173
[15582, 6386] -> 6287	0.8715847951168845
[15582, 6287] -> 6386	0.580593499032085
[6972, 5317] -> 15582	0.6017870898166693
[15582, 5317] -> 6972	0.5901584855489583
[15582, 6972] -> 5317	0.8660909282396373
[12317, 14313] -> 16242	0.8077396541610555
[16242, 14313] -> 12317	0.7727107471982042
[16242, 12317] -> 14313	0.7852977557872415
[12317, 14712] -> 16242	0.8564844599890045
[16242, 14712] -> 12317	0.7898682833687526
[16242, 12317] -> 14712	0.5881218975405227
[12317, 1905] -> 16242	0.7686215172701658
[16242, 1905] -> 12317	0.7380830702941029
[16242, 12317] -> 1905	0.5916319940882584
[12470, 14313] -> 16242	0.7966587746235652
[16242, 14313] -> 12470	0.8057948563931523
[16242, 12470] -> 14313	0.7814603038339492
[12470, 14712] -> 16242	0.835426076808368
[16242, 14712] -> 12470	0.8340111543813848
[16242, 12470] -> 14712	0.5925835083470022
[12911, 15124] -> 16242	0.7422899917887219
[16242, 15124] -> 12911	0.5736855698631148
[16242, 12911] -> 15124	0.8101942557005294
[14313, 14712] -> 16242	0.8138442630146607
[16242, 14712] -> 14313	0.8000517804938564
[16242, 14313] -> 14712	0.5861562050487646
[14313, 1905] -> 16242	0.686740512671027
[16242, 1905] -> 14313	0.7554386492309234
[16242, 14313] -> 1905	0.5958380095790587
[14367, 2152] -> 16242	0.8126193340470382
[16242, 2152] -> 14367	0.7360471044555296
[16242, 14367] -> 2152	0.627553760004091
[15124, 11677] -> 16242	0.7779304166044497
[16242, 11677] -> 15124	0.7981595154684452
[16242, 15124] -> 11677	0.5766667896542819
[15124, 15205] -> 16242	0.7366641213046798
[16242, 15205] -> 15124	0.7941636006249684
[16242, 15124] -> 15205	0.6976497066745379
[16377, 14313] -> 16242	0.678539596331498
[16242, 14313] -> 16377	0.6438044354520019
[16242, 16377] -> 14313	0.7907929481205344
[4996, 2152] -> 16242	0.8337524231514815
[16242, 2152] -> 4996	0.7524217008387232
[16242, 4996] -> 2152	0.6448619750167068
[6692, 14313] -> 16242	0.795091997727372
[16242, 14313] -> 6692	0.5751387066689849
[16242, 6692] -> 14313	0.798608443717694
[6972, 14367] -> 16242	0.8315904464902616
[16242, 14367] -> 6972	0.7591176796474809
[16242, 6972] -> 14367	0.7275066367163568
[6972, 1905] -> 16242	0.7395979617221041
[16242, 1905] -> 6972	0.7388346109524526
[16242, 6972] -> 1905	0.6022626097610783
[9340, 11677] -> 16242	0.8054958235631005
[16242, 11677] -> 9340	0.761349824837349
[16242, 9340] -> 11677	0.6248836877886849
[12470, 14367] -> 16377	0.6426767895128236
[16377, 14367] -> 12470	0.8080607108298814
[16377, 12470] -> 14367	0.6987477201361337
[14313, 1905] -> 16377	0.6957769316256446
[16377, 1905] -> 14313	0.7170712931147788
[16377, 14313] -> 1905	0.6362485318494948
[1905, 11521] -> 16377	0.63173687535326
[16377, 11521] -> 1905	0.8640926816512613
[16377, 1905] -> 11521	0.7135225971197356
[2782, 1905] -> 16377	0.7352844720496894
[16377, 1905] -> 2782	0.6946056065641487
[16377, 2782] -> 1905	0.7847604501437192
[5317, 15107] -> 16377	0.6734937623051012
[16377, 15107] -> 5317	0.7581827731092436
[16377, 5317] -> 15107	0.5739743783448505
[7624, 5317] -> 16377	0.6664264156043066
[16377, 5317] -> 7624	0.5882165833021876
[16377, 7624] -> 5317	0.7866805632364828
[15124, 14313] -> 16384	0.5414222504071603
[16384, 14313] -> 15124	0.7904199806421748
[16384, 15124] -> 14313	0.7452880723752083
[15124, 1905] -> 16384	0.5828820709950633
[16384, 1905] -> 15124	0.8136508360608288
[16384, 15124] -> 1905	0.7250119038171574
[11283, 5317] -> 17157	0.5926952709454885
[17157, 5317] -> 11283	0.818793141839234
[17157, 11283] -> 5317	0.725994807553726
[15124, 14313] -> 17157	0.5226928786590375
[17157, 14313] -> 15124	0.7913502662127956
[17157, 15124] -> 14313	0.7736416579559272
[13081, 15107] -> 1905	0.8778593583406029
[1905, 15107] -> 13081	0.5899811903036423
[1905, 13081] -> 15107	0.7524118092983166
[14538, 15107] -> 1905	0.8461888589335108
[1905, 15107] -> 14538	0.5903801838627463
[1905, 14538] -> 15107	0.7543385076366058
[3962, 11521] -> 1905	0.8929219404725907
[1905, 11521] -> 3962	0.687244406024537
[1905, 3962] -> 11521	0.7520351454844784
[3962, 6206] -> 1905	0.8776303724595795
[1905, 6206] -> 3962	0.6947708875065467
[1905, 3962] -> 6206	0.6877563828529328
[4996, 5317] -> 1905	0.6106543708101257
[1905, 5317] -> 4996	0.5912551365577595
[1905, 4996] -> 5317	0.8125436854426237
[5317, 14538] -> 1905	0.6657391671876514
[1905, 14538] -> 5317	0.7866120104873278
[1905, 5317] -> 14538	0.6103804887500301
[6206, 4306] -> 1905	0.8571890219975533
[1905, 4306] -> 6206	0.6880732245094587
[1905, 6206] -> 4306	0.6824400687291539
[15124, 1905] -> 1962	0.5764620501000884
[1962, 1905] -> 15124	0.7106605971822123
[1962, 15124] -> 1905	0.8134734851895201
[1905, 15107] -> 1962	0.626452458696024
[1962, 15107] -> 1905	0.8708260702238925
[1962, 1905] -> 15107	0.756398029711634
[5317, 14538] -> 2152	0.6977467045884809
[2152, 14538] -> 5317	0.8863844828743371
[2152, 5317] -> 14538	0.5899111868797785
[5317, 9340] -> 2152	0.6580610727764858
[2152, 9340] -> 5317	0.8837147391593713
[2152, 5317] -> 9340	0.6425216077184781
[11521, 15107] -> 2452	0.9074875175343085
[2452, 15107] -> 11521	0.8816712412320831
[2452, 11521] -> 15107	0.739155793830248
[14410, 11521] -> 2452	0.9121315373265824
[2452, 11521] -> 14410	0.6865746770108422
[2452, 14410] -> 11521	0.8949281399708393
[1905, 15107] -> 2452	0.7525262806471839
[2452, 15107] -> 1905	0.8807658584934431
[2452, 1905] -> 15107	0.770655436957972
[5317, 11521] -> 2452	0.8571967611005731
[2452, 11521] -> 5317	0.6715857429349866
[2452, 5317] -> 11521	0.8555216284987277
[6206, 15107] -> 2452	0.7451908471752657
[2452, 15107] -> 6206	0.7247159957304056
[2452, 6206] -> 15107	0.8257465522858073
[1905, 4306] -> 2862	0.7261492282892664
[2862, 4306] -> 1905	0.8059680006580842
[2862, 1905] -> 4306	0.8180129409309121
[14313, 5317] -> 3106	0.5255754998568918
[3106, 5317] -> 14313	0.7317753550994849
[3106, 14313] -> 5317	0.8325758638929971
[11283, 1905] -> 3624	0.6123598763846657
[3624, 1905] -> 11283	0.7013198971410135
[3624, 11283] -> 1905	0.8703383144334145
[8644, 1905] -> 3624	0.6670696815874481
[3624, 1905] -> 8644	0.685824627325951
[3624, 8644] -> 1905	0.8847716978822378
[12155, 1905] -> 3860	0.7345855803216506
[3860, 1905] -> 12155	0.6617310795302563
[3860, 12155] -> 1905	0.8849526886683591
[14454, 1905] -> 3860	0.7075270870125531
[3860, 1905] -> 14454	0.6395295660652498
[3860, 14454] -> 1905	0.8698157493251965
[2452, 15107] -> 3860	0.7254879536444038
[3860, 15107] -> 2452	0.7468042733952694
[3860, 2452] -> 15107	0.8138644770885454
[2452, 1905] -> 3860	0.6982071380920614
[3860, 1905] -> 2452	0.7224681387141587
[3860, 2452] -> 1905	0.8951718091816879
[4432, 6037] -> 3860	0.7295494625668713
[3860, 6037] -> 4432	0.7547650596269493
[3860, 4432] -> 6037	0.7653430349132853
[15124, 1905] -> 3938	0.6520827185797797
[3938, 1905] -> 15124	0.7205463758537123
[3938, 15124] -> 1905	0.8297291537704353
[1905, 15107] -> 3938	0.687783468638292
[3938, 15107] -> 1905	0.8775414792266216
[3938, 1905] -> 15107	0.7443577880590438
[1905, 4306] -> 3938	0.6975134794611921
[3938, 4306] -> 1905	0.867337887497552
[3938, 1905] -> 4306	0.6635029742233972
[6037, 1905] -> 3938	0.6942852822072488
[3938, 1905] -> 6037	0.7282485128883014
[3938, 6037] -> 1905	0.8730165437680913
[14410, 1905] -> 4432	0.6937167139340503
[4432, 1905] -> 14410	0.6531655386350818
[4432, 14410] -> 1905	0.8904855162139108
[1905, 5317] -> 4432	0.6392017244302356
[4432, 5317] -> 1905	0.7833856078520615
[4432, 1905] -> 5317	0.6977580372250424
[5317, 15107] -> 4432	0.6830859094344551
[4432, 15107] -> 5317	0.7166126648198361
[4432, 5317] -> 15107	0.7243269449583947
[5317, 9340] -> 4996	0.6778239487629142
[4996, 9340] -> 5317	0.8507258442664524
[4996, 5317] -> 9340	0.7412533769135844
[4306, 15107] -> 5317	0.7466760687167223
[5317, 15107] -> 4306	0.6817422623657519
[5317, 4306] -> 15107	0.6938885986988935
[14313, 15205] -> 5496	0.6135318497843614
[5496, 15205] -> 14313	0.6587563073756805
[5496, 14313] -> 15205	0.79759341632149
[1905, 11521] -> 5496	0.619983708481564
[5496, 11521] -> 1905	0.8806361350193037
[5496, 1905] -> 11521	0.7301265674096262
[15205, 2372] -> 6037	0.8170814618325289
[6037, 2372] -> 15205	0.7099238858869328
[6037, 15205] -> 2372	0.7495858980388949
[1905, 4306] -> 6037	0.749569213095922
[6037, 4306] -> 1905	0.8600950346015244
[6037, 1905] -> 4306	0.6797674457681515
[11283, 6206] -> 6287	0.7601484383053294
[6287, 6206] -> 11283	0.7903920770005788
[6287, 11283] -> 6206	0.6394332489334398
[1145, 7617] -> 6287	0.8920081746800043
[6287, 7617] -> 1145	0.651845835407551
[6287, 1145] -> 7617	0.6768322542031667
[12470, 2152] -> 6287	0.7343106541604306
[6287, 2152] -> 12470	0.7059033797429894
[6287, 12470] -> 2152	0.6964188105020014
[14313, 14538] -> 6287	0.8013734696564131
[6287, 14538] -> 14313	0.6790800580076599
[6287, 14313] -> 14538	0.6057465069032713
[14313, 7624] -> 6287	0.7094787325591514
[6287, 7624] -> 14313	0.7238977516007142
[6287, 14313] -> 7624	0.6084414776732037
[15124, 16377] -> 6287	0.6791324174021319
[6287, 16377] -> 15124	0.7363979710991096
[6287, 15124] -> 16377	0.6215331783112864
[15124, 1905] -> 6287	0.6868545087687117
[6287, 1905] -> 15124	0.7849005705120027
[6287, 15124] -> 1905	0.6631350385758505
[15124, 7617] -> 6287	0.8443953829830559
[6287, 7617] -> 15124	0.6880987938969965
[6287, 15124] -> 7617	0.606649521844249
[16377, 14313] -> 6287	0.6621962698564753
[6287, 14313] -> 16377	0.6591981425432232
[6287, 16377] -> 14313	0.7252225952415705
[1905, 15107] -> 6287	0.6536817334234462
[6287, 15107] -> 1905	0.8293952950170986
[6287, 1905] -> 15107	0.7316224048994769
[1962, 5317] -> 6287	0.7300971068576703
[6287, 5317] -> 1962	0.5003403020782489
[6287, 1962] -> 5317	0.843042314865225
[2452, 1905] -> 6287	0.6369746497665111
[6287, 1905] -> 2452	0.6961522337458761
[6287, 2452] -> 1905	0.8595541652131837
[3860, 5317] -> 6287	0.721547840874143
[6287, 5317] -> 3860	0.5484019551901224
[6287, 3860] -> 5317	0.8301160310109787
[6206, 15107] -> 6287	0.7063158410505169
[6287, 15107] -> 6206	0.7446560114060191
[6287, 6206] -> 15107	0.7725353169414135
[15124, 12470] -> 6386	0.5417540727516179
[6386, 12470] -> 15124	0.7834843040643759
[6386, 15124] -> 12470	0.7495908683882787
[2452, 11521] -> 6971	0.5925662557227207
[6971, 11521] -> 2452	0.9032065568180433
[6971, 2452] -> 11521	0.8871199253606372
[1905, 15107] -> 6972	0.608742030307225
[6972, 15107] -> 1905	0.84599628824914
[6972, 1905] -> 15107	0.7498996910484291
[5317, 9340] -> 6972	0.7094963973923983
[6972, 9340] -> 5317	0.8207050439660266
[6972, 5317] -> 9340	0.7167924818980126
[12470, 14313] -> 7234	0.6804269517178867
[7234, 14313] -> 12470	0.7277323705895133
[7234, 12470] -> 14313	0.857693027470525
[14313, 4996] -> 7234	0.713695494388923
[7234, 4996] -> 14313	0.8579098667800137
[7234, 14313] -> 4996	0.6409767838339266
[14313, 5317] -> 7234	0.6537255864033474
[7234, 5317] -> 14313	0.831800012139395
[7234, 14313] -> 5317	0.801693158836016
[14313, 9340] -> 7234	0.6896262711729114
[7234, 9340] -> 14313	0.8689988835132118
[7234, 14313] -> 9340	0.7220160791589363
[2452, 1905] -> 8387	0.6566961307538359
[8387, 1905] -> 2452	0.8229374575474163
[8387, 2452] -> 1905	0.8884063039382692
[6037, 15107] -> 8387	0.690101136668755
[8387, 15107] -> 6037	0.8434611387627851
[8387, 6037] -> 15107	0.8579519533553649
[1905, 11521] -> 8644	0.6595737606809189
[8644, 11521] -> 1905	0.8929801264882626
[8644, 1905] -> 11521	0.7323673281033687
[6037, 15107] -> 8644	0.7456905038933143
[8644, 15107] -> 6037	0.813346870240931
[8644, 6037] -> 15107	0.8457704372189343
