[1905, 15107] -> 10042	0.6031072641255933
[10042, 15107] -> 1905	0.894010718424102
[10042, 1905] -> 15107	0.7856733706720977
[1905, 11521] -> 10947	0.5994780064501114
[10947, 11521] -> 1905	0.8936164940278535
[10947, 1905] -> 11521	0.7378587140007162
[15107, 571] -> 11064	0.7629445510702787
[11064, 571] -> 15107	0.6889739169965715
[11064, 15107] -> 571	0.7887968424705066
[4306, 571] -> 11064	0.7766963469834457
[11064, 571] -> 4306	0.6923076923076924
[11064, 4306] -> 571	0.7953561247361436
[3962, 11521] -> 11089	0.7795909110544732
[11089, 11521] -> 3962	0.8365530588357998
[11089, 3962] -> 11521	0.7253371113924559
[12470, 14313] -> 11283	0.5949740969080382
[11283, 14313] -> 12470	0.6861460548606856
[11283, 12470] -> 14313	0.7513617525162818
[12470, 5317] -> 11283	0.599046155400189
[11283, 5317] -> 12470	0.6691112472196254
[11283, 12470] -> 5317	0.8192816262088021
[14313, 2152] -> 11283	0.6528871157339793
[11283, 2152] -> 14313	0.7295143138601152
[11283, 14313] -> 2152	0.660653137728436
[14313, 2782] -> 11283	0.8160544471377961
[11283, 2782] -> 14313	0.7461921721668625
[11283, 14313] -> 2782	0.7098817719785171
[14313, 4306] -> 11283	0.7910288321924912
[11283, 4306] -> 14313	0.6802864889935424
[11283, 14313] -> 4306	0.6872994989727138
[14550, 2782] -> 11283	0.8637025833787436
[11283, 2782] -> 14550	0.7356590762702233
[11283, 14550] -> 2782	0.7275205380645041
[14550, 4306] -> 11283	0.8490439381611066
[11283, 4306] -> 14550	0.7445681258696351
[11283, 14550] -> 4306	0.7819733403276723
[14621, 3962] -> 11283	0.795296525674977
[11283, 3962] -> 14621	0.7740865493232558
[11283, 14621] -> 3962	0.7897389154303914
[15124, 12470] -> 11283	0.6231272781373205
[11283, 12470] -> 15124	0.826593645154924
[11283, 15124] -> 12470	0.6931313248326478
[15124, 14312] -> 11283	0.7933235788218719
[11283, 14312] -> 15124	0.8430096628928789
[11283, 15124] -> 14312	0.6056614233821254
[15124, 2862] -> 11283	0.813217032612899
[11283, 2862] -> 15124	0.7687714523630602
[11283, 15124] -> 2862	0.6264139078053502
[16377, 16954] -> 11283	0.7530450480360218
[11283, 16954] -> 16377	0.7376546032907507
[11283, 16377] -> 16954	0.6182748986336842
[16377, 3860] -> 11283	0.7979312370158474
[11283, 3860] -> 16377	0.722633201666683
[11283, 16377] -> 3860	0.6249020409553988
[17088, 1905] -> 11283	0.8080573903153843
[11283, 1905] -> 17088	0.6122107426033786
[11283, 17088] -> 1905	0.8117591483845452
[1905, 4656] -> 11283	0.8169154228855722
[11283, 4656] -> 1905	0.7624233598210234
[11283, 1905] -> 4656	0.5985898572458305
[2452, 1905] -> 11283	0.735398599066044
[11283, 1905] -> 2452	0.7306643909956336
[11283, 2452] -> 1905	0.8634552308219514
[2782, 11521] -> 11283	0.84119887019863
[11283, 11521] -> 2782	0.7342396294965464
[11283, 2782] -> 11521	0.6967946046300156
[2782, 1905] -> 11283	0.8323378881987578
[11283, 1905] -> 2782	0.6939194843285251
[11283, 2782] -> 1905	0.7933353540711553
[2862, 14550] -> 11283	0.845033376066487
[11283, 14550] -> 2862	0.7162515339147378
[11283, 2862] -> 14550	0.7764689156528627
[3860, 5317] -> 11283	0.7082149899596578
[11283, 5317] -> 3860	0.630991908707005
[11283, 3860] -> 5317	0.7712447916153626
[4640, 14550] -> 11283	0.8751426836672739
[11283, 14550] -> 4640	0.675091098142441
[11283, 4640] -> 14550	0.7562383260928877
[8644, 6037] -> 11283	0.738815742724015
[11283, 6037] -> 8644	0.7175462638890258
[11283, 8644] -> 6037	0.7813707807266167
[4306, 15107] -> 11521	0.7456030086560178
[11521, 15107] -> 4306	0.7156744455234788
[11521, 4306] -> 15107	0.7937119234116623
[1905, 3962] -> 12155	0.6551849594790028
[12155, 3962] -> 1905	0.8979767380979095
[12155, 1905] -> 3962	0.6899778733512772
[11283, 1905] -> 12317	0.5985235755652584
[12317, 1905] -> 11283	0.7538349159970782
[12317, 11283] -> 1905	0.7745089630328501
[13728, 15124] -> 12317	0.6817854308984614
[12317, 15124] -> 13728	0.598253729432102
[12317, 13728] -> 15124	0.8473379354122035
[14313, 14367] -> 12317	0.7711751355659119
[12317, 14367] -> 14313	0.8095554201638644
[12317, 14313] -> 14367	0.735514999297747
[15124, 12918] -> 12317	0.6488481905256838
[12317, 12918] -> 15124	0.9111337586029014
[12317, 15124] -> 12918	0.5795505474102055
[15124, 14313] -> 12317	0.6879278785869738
[12317, 14313] -> 15124	0.7886796817554673
[12317, 15124] -> 14313	0.7639813688456367
[15124, 2152] -> 12317	0.6777259668310496
[12317, 2152] -> 15124	0.8072986630845007
[12317, 15124] -> 2152	0.6060167104168
[15205, 14367] -> 12317	0.7808732661089582
[12317, 14367] -> 15205	0.7274322763687948
[12317, 15205] -> 14367	0.7380838146555702
[15205, 4996] -> 12317	0.7396636234378509
[12317, 4996] -> 15205	0.7616135153097099
[12317, 15205] -> 4996	0.7295768670074367
[15205, 5317] -> 12317	0.6649878523774632
[12317, 5317] -> 15205	0.7007282066286308
[12317, 15205] -> 5317	0.7955103245926445
[15205, 9340] -> 12317	0.7026602983625599
[12317, 9340] -> 15205	0.7515041950586382
[12317, 15205] -> 9340	0.7479193962097027
[16377, 12470] -> 12317	0.7400015042400768
[12317, 12470] -> 16377	0.6537838578654905
[12317, 16377] -> 12470	0.7897002167108115
[16954, 5317] -> 12317	0.7120184914747725
[12317, 5317] -> 16954	0.5983485313957835
[12317, 16954] -> 5317	0.7925291996339954
[4996, 14367] -> 12317	0.8013781345457128
[12317, 14367] -> 4996	0.7180841873618928
[12317, 4996] -> 14367	0.7605925469308342
[13651, 5317] -> 12470	0.7960001178168536
[12470, 5317] -> 13651	0.5849693716314205
[12470, 13651] -> 5317	0.817032983644224
[13651, 9340] -> 12470	0.8222484144356513
[12470, 9340] -> 13651	0.6124786782166627
[12470, 13651] -> 9340	0.7381765778839274
[14313, 12672] -> 12470	0.7354257823947292
[12470, 12672] -> 14313	0.8282725969089295
[12470, 14313] -> 12672	0.5686724958390961
[14313, 14367] -> 12470	0.8050449576410665
[12470, 14367] -> 14313	0.803624855161441
[12470, 14313] -> 14367	0.7261929878024957
[15205, 14367] -> 12470	0.8319065236277735
[12470, 14367] -> 15205	0.7369299413728101
[12470, 15205] -> 14367	0.713628979585001
[15205, 2152] -> 12470	0.8089335658922729
[12470, 2152] -> 15205	0.72862149424112
[12470, 15205] -> 2152	0.6563279797692217
[5317, 15107] -> 12470	0.6794935197021582
[12470, 15107] -> 5317	0.8288602062418904
[12470, 5317] -> 15107	0.5254226281954155
[5317, 9340] -> 12470	0.7612672029278335
[12470, 9340] -> 5317	0.8348439747148735
[12470, 5317] -> 9340	0.7203907732490602
[6972, 1905] -> 12470	0.7427978172772137
[12470, 1905] -> 6972	0.7362544492831434
[12470, 6972] -> 1905	0.6053182271486258
[5317, 9340] -> 12672	0.5533910258854027
[12672, 9340] -> 5317	0.8352609471200874
[12672, 5317] -> 9340	0.7078420472609886
[12470, 14313] -> 12911	0.5821592942481852
[12911, 14313] -> 12470	0.7505011534083469
[12911, 12470] -> 14313	0.7895947263555048
[5317, 14538] -> 13050	0.6998335784162653
[13050, 14538] -> 5317	0.8070307264271642
[13050, 5317] -> 14538	0.7320303577349592
[11283, 14313] -> 13728	0.7283639116173449
[13728, 14313] -> 11283	0.7826255349638839
[13728, 11283] -> 14313	0.7336261980830671
[11283, 14550] -> 13728	0.7334126441411483
[13728, 14550] -> 11283	0.855120741816752
[13728, 11283] -> 14550	0.710626633749637
[11283, 5317] -> 13728	0.6476499790464524
[13728, 5317] -> 11283	0.7802990581609864
[13728, 11283] -> 5317	0.729405678187627
[12470, 1905] -> 13728	0.7167273161128676
[13728, 1905] -> 12470	0.6493914798165881
[13728, 12470] -> 1905	0.7945134518521784
[12918, 1905] -> 13728	0.7494616232702394
[13728, 1905] -> 12918	0.6552379579666148
[13728, 12918] -> 1905	0.8298743824660286
[14691, 15124] -> 13728	0.7612909859049614
[13728, 15124] -> 14691	0.7428563610992038
[13728, 14691] -> 15124	0.8242657922966382
[14691, 1905] -> 13728	0.7692501799082234
[13728, 1905] -> 14691	0.7414757627897339
[13728, 14691] -> 1905	0.832969012488109
[15124, 15107] -> 13728	0.7287429096614276
[13728, 15107] -> 15124	0.7914939955836534
[13728, 15124] -> 15107	0.7159417381866603
[1905, 6206] -> 13728	0.6672792259700643
[13728, 6206] -> 1905	0.8754384907479958
[13728, 1905] -> 6206	0.6542109957029737
[6287, 11283] -> 13728	0.6475321702334292
[13728, 11283] -> 6287	0.677788266047052
[13728, 6287] -> 11283	0.8201287148285633
[6287, 1905] -> 13728	0.6721105298653008
[13728, 1905] -> 6287	0.6643545001666561
[13728, 6287] -> 1905	0.809936960484987
[6972, 14313] -> 13728	0.6073430353430354
[13728, 14313] -> 6972	0.7071496349658204
[13728, 6972] -> 14313	0.7908283703302652
[8644, 1905] -> 13728	0.6772311952007384
[13728, 1905] -> 8644	0.6610213770302774
[13728, 8644] -> 1905	0.8828065785199534
[15124, 1905] -> 14240	0.6484380607549306
[14240, 1905] -> 15124	0.7535682509082821
[14240, 15124] -> 1905	0.8607467632144484
[1905, 15107] -> 14240	0.6736476968300369
[14240, 15107] -> 1905	0.9019744660437633
[14240, 1905] -> 15107	0.7667568769926596
[1905, 6206] -> 14240	0.6641459851331858
[14240, 6206] -> 1905	0.9049491067068972
[14240, 1905] -> 6206	0.669913620523467
[3860, 11521] -> 14240	0.8230744680851064
[14240, 11521] -> 3860	0.6772259374671756
[14240, 3860] -> 11521	0.9164011512904641
[4432, 1905] -> 14240	0.6514558657642413
[14240, 1905] -> 4432	0.6851227107585082
[14240, 4432] -> 1905	0.8939437914187587
[8644, 1905] -> 14240	0.6733087217351177
[14240, 1905] -> 8644	0.6761418402906503
[14240, 8644] -> 1905	0.9065863054554493
[4996, 5317] -> 14313	0.7534519561084615
[14313, 5317] -> 4996	0.6157950688964305
[14313, 4996] -> 5317	0.8408519903969628
[4996, 9340] -> 14313	0.8019024105493833
[14313, 9340] -> 4996	0.6688963744631937
[14313, 4996] -> 9340	0.7797629017549736
[1905, 5317] -> 14410	0.6284886208594702
[14410, 5317] -> 1905	0.8488050067599984
[14410, 1905] -> 5317	0.7286571383109165
[1905, 11521] -> 14454	0.6505303055490906
[14454, 11521] -> 1905	0.8789165150596321
[14454, 1905] -> 11521	0.7471146961958857
[11283, 15124] -> 14691	0.6808850421586555
[14691, 15124] -> 11283	0.7691236400343964
[14691, 11283] -> 15124	0.8185480662104091
[15124, 11064] -> 14691	0.724561867536564
[14691, 11064] -> 15124	0.8041225905350018
[14691, 15124] -> 11064	0.6913298687703294
[15124, 571] -> 14691	0.7099296249879495
[14691, 571] -> 15124	0.8044767803886868
[14691, 15124] -> 571	0.6883108385987214
[6037, 2452] -> 14691	0.7570066425963974
[14691, 2452] -> 6037	0.7519070357234847
[14691, 6037] -> 2452	0.8207338040810147
[12470, 13651] -> 15124	0.8012617024921648
[15124, 13651] -> 12470	0.781832305771065
[15124, 12470] -> 13651	0.5914602395298669
[12470, 16954] -> 15124	0.834666184571538
[15124, 16954] -> 12470	0.7321275325547554
[15124, 12470] -> 16954	0.5838503310273004
[12470, 3860] -> 15124	0.8530647495448391
[15124, 3860] -> 12470	0.7007449021656809
[15124, 12470] -> 3860	0.5437327977386001
[12918, 15107] -> 15124	0.8663993732430066
[15124, 15107] -> 12918	0.6981256440487574
[15124, 12918] -> 15107	0.6737928624548639
[12918, 6972] -> 15124	0.9171564544913742
[15124, 6972] -> 12918	0.5883470840997382
[15124, 12918] -> 6972	0.6907004040965172
[14313, 15107] -> 15124	0.8045123771938067
[15124, 15107] -> 14313	0.7153652626790571
[15124, 14313] -> 15107	0.5553017309715637
[14313, 571] -> 15124	0.7908424868548536
[15124, 571] -> 14313	0.7003374144413381
[15124, 14313] -> 571	0.5235144055460271
[14410, 5317] -> 15124	0.8242727550263859
[15124, 5317] -> 14410	0.4901228564945379
[15124, 14410] -> 5317	0.7730275266882081
[15205, 15107] -> 15124	0.7650334772542393
[15124, 15107] -> 15205	0.6810067120324553
[15124, 15205] -> 15107	0.5715844099175614
[15205, 4996] -> 15124	0.7904100875551897
[15124, 4996] -> 15205	0.7393750601576787
[15124, 15205] -> 4996	0.6584020321338965
[15205, 5317] -> 15124	0.7646369210597355
[15124, 5317] -> 15205	0.6427372037991508
[15124, 15205] -> 5317	0.7724835979990339
[15205, 9340] -> 15124	0.7679932040602273
[15124, 9340] -> 15205	0.7098061208139721
[15124, 15205] -> 9340	0.6903489223768486
[16377, 16954] -> 15124	0.7873031353101073
[15124, 16954] -> 16377	0.7078560501473825
[15124, 16377] -> 16954	0.6384455531343861
[16954, 5317] -> 15124	0.7992533776922408
[15124, 5317] -> 16954	0.5357839800317677
[15124, 16954] -> 5317	0.7708854147233313
[2152, 5317] -> 15124	0.7174283651090251
[15124, 5317] -> 2152	0.6247852442542708
[15124, 2152] -> 5317	0.8625180120109907
[2152, 9340] -> 15124	0.7871397122817796
[15124, 9340] -> 2152	0.6158948886396411
[15124, 2152] -> 9340	0.6880453947427303
[2452, 2782] -> 15124	0.8111908532407877
[15124, 2782] -> 2452	0.73433242506812
[15124, 2452] -> 2782	0.6792626728110599
[2452, 4306] -> 15124	0.8080419580419581
[15124, 4306] -> 2452	0.710070575966928
[15124, 2452] -> 4306	0.7172293802313552
[2782, 4306] -> 15124	0.7957115390882132
[15124, 4306] -> 2782	0.6820543379080465
[15124, 2782] -> 4306	0.7447842531213145
[3860, 14313] -> 15124	0.7940204310852008
[15124, 14313] -> 3860	0.53492209907326
[15124, 3860] -> 14313	0.7116260341868871
[4656, 5317] -> 15124	0.7698456136727423
[15124, 5317] -> 4656	0.48330902136211873
[15124, 4656] -> 5317	0.8161594044230349
[5317, 7617] -> 15124	0.7214925373134329
[15124, 7617] -> 5317	0.8289195880266218
[15124, 5317] -> 7617	0.501436027099744
[5496, 12470] -> 15124	0.8993573797678275
[15124, 12470] -> 5496	0.58091943762553
[15124, 5496] -> 12470	0.7095299964565748
[5496, 1905] -> 15124	0.7684198161689132
[15124, 1905] -> 5496	0.6260597022067326
[15124, 5496] -> 1905	0.7132369642840918
[6037, 11521] -> 15124	0.7683121986792529
[15124, 11521] -> 6037	0.7153351439025311
[15124, 6037] -> 11521	0.725154863872744
[6037, 14410] -> 15124	0.7961012747098445
[15124, 14410] -> 6037	0.7420651151376334
[15124, 6037] -> 14410	0.693742352401346
[6037, 2452] -> 15124	0.7698330374419023
[15124, 2452] -> 6037	0.7259004984482272
[15124, 6037] -> 2452	0.7378498776384216
[6972, 15107] -> 15124	0.8499909469491219
[15124, 15107] -> 6972	0.6973086885078493
[15124, 6972] -> 15107	0.5732733947474871
[7624, 5317] -> 15124	0.7988287760709941
[15124, 5317] -> 7624	0.574838730590943
[15124, 7624] -> 5317	0.7808129909471978
[7624, 9340] -> 15124	0.8221173843560499
[15124, 9340] -> 7624	0.6017224803717354
[15124, 7624] -> 9340	0.6614093486913946
[16954, 5317] -> 15205	0.6999487422508922
[15205, 5317] -> 16954	0.5582044656974278
[15205, 16954] -> 5317	0.7783657051902518
[13050, 1145] -> 15582	0.8551196105540774
[15582, 1145] -> 13050	0.7020852411477411
[15582, 13050] -> 1145	0.6928065815731013
[5317, 9340] -> 15582	0.6180549731234036
[15582, 9340] -> 5317	0.8575614916688706
[15582, 5317] -> 9340	0.6123449515780568
[6287, 6972] -> 15582	0.7189967665486505
[15582, 6972] -> 6287	0.8307484230014522
[15582, 6287] -> 6972	0.5825837499125378
[7234, 5317] -> 15582	0.628300397998734
[15582, 5317] -> 7234	0.5473719198054058
[15582, 7234] -> 5317	0.8567341002873121
[12317, 13651] -> 16242	0.8199208932907756
[16242, 13651] -> 12317	0.8018188982910237
[16242, 12317] -> 13651	0.6210621857379235
[12317, 16954] -> 16242	0.8121750363313418
[16242, 16954] -> 12317	0.8077923746506921
[16242, 12317] -> 16954	0.6060097350961461
[12317, 2152] -> 16242	0.8193671506855157
[16242, 2152] -> 12317	0.7682964621674847
[16242, 12317] -> 2152	0.6173191537213449
[12470, 13651] -> 16242	0.8080035472785723
[16242, 13651] -> 12470	0.8314563630330181
[16242, 12470] -> 13651	0.6145585823126332
[12470, 16954] -> 16242	0.8059212625220665
[16242, 16954] -> 12470	0.8114005503270912
[16242, 12470] -> 16954	0.5808716447196971
[12470, 4996] -> 16242	0.8599347044783218
[16242, 4996] -> 12470	0.8056426600867047
[16242, 12470] -> 4996	0.7207471678444959
[12470, 5317] -> 16242	0.7740066523806431
[16242, 5317] -> 12470	0.7821785065877258
[16242, 12470] -> 5317	0.8222448760596631
[12470, 9340] -> 16242	0.8104869728084552
[16242, 9340] -> 12470	0.8125592039634172
[16242, 12470] -> 9340	0.7429598516088483
[12911, 12470] -> 16242	0.8140128873627538
[16242, 12470] -> 12911	0.5887127680775068
[16242, 12911] -> 12470	0.8004397849014131
[14313, 13651] -> 16242	0.7743617841633184
[16242, 13651] -> 14313	0.7914177866268459
[16242, 14313] -> 13651	0.6031803739942778
[14313, 16954] -> 16242	0.7558462964870712
[16242, 16954] -> 14313	0.7855544491911048
[16242, 14313] -> 16954	0.5798808150103536
[14313, 2152] -> 16242	0.7126598511024829
[16242, 2152] -> 14313	0.7999960013195646
[16242, 14313] -> 2152	0.6324866035439356
[15124, 12470] -> 16242	0.7681246745518114
[16242, 12470] -> 15124	0.7914629098769028
[16242, 15124] -> 12470	0.7619746891488028
[15124, 5496] -> 16242	0.711029137857409
[16242, 5496] -> 15124	0.8971866186687455
[16242, 15124] -> 5496	0.5774858871711619
[16384, 15124] -> 16242	0.7378779461947466
[16242, 15124] -> 16384	0.5488986459063573
[16242, 16384] -> 15124	0.8186931111526906
[3427, 5317] -> 16242	0.7367096662231736
[16242, 5317] -> 3427	0.5571531691809638
[16242, 3427] -> 5317	0.844529177718833
[5317, 11677] -> 16242	0.785455217277156
[16242, 11677] -> 5317	0.8250211931487401
[16242, 5317] -> 11677	0.5889725772699764
[6692, 5317] -> 16242	0.7711337940953218
[16242, 5317] -> 6692	0.5629570758809762
[16242, 6692] -> 5317	0.8473238880170323
[6972, 2152] -> 16242	0.7928223204807108
[16242, 2152] -> 6972	0.7689662411404237
[16242, 6972] -> 2152	0.6283193792117623
[7624, 5317] -> 16242	0.7088877877381864
[16242, 5317] -> 7624	0.5737045111521046
[16242, 7624] -> 5317	0.8194609344081318
[12470, 5317] -> 16377	0.6325822348247077
[16377, 5317] -> 12470	0.6971921147010409
[16377, 12470] -> 5317	0.8242671530376249
[12470, 9340] -> 16377	0.6539850831131475
[16377, 9340] -> 12470	0.7661654503599941
[16377, 12470] -> 9340	0.7353289585017768
[14313, 2152] -> 16377	0.6839578954867667
[16377, 2152] -> 14313	0.7690682421268714
[16377, 14313] -> 2152	0.6397637631300552
[14313, 2782] -> 16377	0.7613172560962976
[16377, 2782] -> 14313	0.7795101876305935
[16377, 14313] -> 2782	0.6121916883939058
[14313, 4306] -> 16377	0.7901783862269239
[16377, 4306] -> 14313	0.7141022757095191
[16377, 14313] -> 4306	0.6346491849161593
[14550, 1905] -> 16377	0.7410362519475622
[16377, 1905] -> 14550	0.7010270564599411
[16377, 14550] -> 1905	0.7628933387821822
[2152, 5317] -> 16377	0.6405339209540897
[16377, 5317] -> 2152	0.6842063410018051
[16377, 2152] -> 5317	0.8615731237170181
[2782, 4306] -> 16377	0.7935716535775192
[16377, 4306] -> 2782	0.6847467476474338
[16377, 2782] -> 4306	0.7748857139826688
[5317, 4306] -> 16377	0.7559998100574576
[16377, 4306] -> 5317	0.746100926030068
[16377, 5317] -> 4306	0.6330107432824664
[6037, 15107] -> 16377	0.6589009218652108
[16377, 15107] -> 6037	0.7733088235294118
[16377, 6037] -> 15107	0.8010772578890097
[11283, 1905] -> 16384	0.6078941481561264
[16384, 1905] -> 11283	0.8168125041747378
[16384, 11283] -> 1905	0.7842636338371421
[15124, 16954] -> 16384	0.6936588187007947
[16384, 16954] -> 15124	0.7929685000746444
[16384, 15124] -> 16954	0.7376696293944925
[2452, 1905] -> 16954	0.6598315543695797
[16954, 1905] -> 2452	0.775291247391266
[16954, 2452] -> 1905	0.8913508764024692
[2782, 1905] -> 16954	0.7221565217391304
[16954, 1905] -> 2782	0.7119957672372405
[16954, 2782] -> 1905	0.8436310021361568
[11521, 15107] -> 1905	0.8895265001029987
[1905, 15107] -> 11521	0.7383905088389288
[1905, 11521] -> 15107	0.7537403996409215
[4306, 15107] -> 1905	0.8586524409561476
[1905, 15107] -> 4306	0.6841518129778762
[1905, 4306] -> 15107	0.7783809823794259
[11283, 1905] -> 1962	0.6030390150542266
[1962, 1905] -> 11283	0.7156059816539017
[1962, 11283] -> 1905	0.8226431728019711
[3860, 5317] -> 1962	0.673128064113465
[1962, 5317] -> 3860	0.7465290317402994
[1962, 3860] -> 5317	0.7584284549531186
[12155, 15107] -> 2452	0.7892205729309306
[2452, 15107] -> 12155	0.6866041476059775
[2452, 12155] -> 15107	0.8202197301758981
[1905, 5317] -> 2452	0.6716962548539965
[2452, 5317] -> 1905	0.8468295165394402
[2452, 1905] -> 5317	0.6938042028018678
[7624, 1905] -> 2452	0.7396687201094282
[2452, 1905] -> 7624	0.6177701801200801
[2452, 7624] -> 1905	0.8661943012148211
[1905, 4306] -> 2782	0.7063052379981841
[2782, 4306] -> 1905	0.828146555001575
[2782, 1905] -> 4306	0.7576645962732919
[14550, 1905] -> 2862	0.7237190746970734
[2862, 1905] -> 14550	0.7610832811521603
[2862, 14550] -> 1905	0.8059656955925909
[1905, 11521] -> 2862	0.6088456295508196
[2862, 11521] -> 1905	0.8790864576832605
[2862, 1905] -> 11521	0.7644437486954707
[4306, 571] -> 2862	0.7715855239390527
[2862, 571] -> 4306	0.8043976737745777
[2862, 4306] -> 571	0.7466890141076791
[2152, 5317] -> 3106	0.5711658862328497
[3106, 5317] -> 2152	0.7279705483286366
[3106, 2152] -> 5317	0.8801032406079724
[12470, 5317] -> 3427	0.5657698218576159
[3427, 5317] -> 12470	0.7560016197142362
[3427, 12470] -> 5317	0.8500715493690646
[15124, 16377] -> 3427	0.6294432899485946
[3427, 16377] -> 15124	0.9024510868254082
[3427, 15124] -> 16377	0.6426577331099944
[15124, 5496] -> 3427	0.6830088222200013
[3427, 5496] -> 15124	0.9028500054045614
[3427, 15124] -> 5496	0.6457415281535884
[6287, 5317] -> 3427	0.49818161818794304
[3427, 5317] -> 6287	0.6986463816740904
[3427, 6287] -> 5317	0.8530713629835425
[6206, 15107] -> 3860	0.7484737125777843
[3860, 15107] -> 6206	0.7492961062658806
[3860, 6206] -> 15107	0.8119531823062286
[11283, 14621] -> 3938	0.7570614365937474
[3938, 14621] -> 11283	0.7851190282169128
[3938, 11283] -> 14621	0.7448409507906075
[11283, 15107] -> 3938	0.6807335354399539
[3938, 15107] -> 11283	0.7605165553281457
[3938, 11283] -> 15107	0.7545508895623312
[11283, 1905] -> 3938	0.6797932011566152
[3938, 1905] -> 11283	0.7230579422780348
[3938, 11283] -> 1905	0.845743913249634
[1905, 3962] -> 3938	0.7485697133969421
[3938, 3962] -> 1905	0.8495571567190371
[3938, 1905] -> 3962	0.7252698832341925
[11521, 15107] -> 4432	0.7258369873360604
[4432, 15107] -> 11521	0.7243164932407959
[4432, 11521] -> 15107	0.8055873098823094
[14313, 1905] -> 4432	0.6703711126090838
[4432, 1905] -> 14313	0.6485476593344613
[4432, 14313] -> 1905	0.8041786869481599
[1905, 11521] -> 4432	0.6739618312996641
[4432, 11521] -> 1905	0.8827666546907491
[4432, 1905] -> 11521	0.7145639452904681
[1905, 2372] -> 4432	0.7456879743228244
[4432, 2372] -> 1905	0.8511024376883046
[4432, 1905] -> 2372	0.6572282148900169
[1905, 6206] -> 4432	0.6918949215770952
[4432, 6206] -> 1905	0.8703003825572392
[4432, 1905] -> 6206	0.6636086435420192
[6037, 15107] -> 4432	0.7427548554551151
[4432, 15107] -> 6037	0.812357449807649
[4432, 6037] -> 15107	0.8176077082984404
[6037, 2372] -> 4432	0.7315863885499583
[4432, 2372] -> 6037	0.8621838765634986
[4432, 6037] -> 2372	0.744307937852829
[14367, 5317] -> 4996	0.6994909863903213
[4996, 5317] -> 14367	0.7023896874895774
[4996, 14367] -> 5317	0.8548797937872314
[14367, 9340] -> 4996	0.7259194312344538
[4996, 9340] -> 14367	0.7289064967128872
[4996, 14367] -> 9340	0.7729934340717888
[12470, 15205] -> 5496	0.6038167171877878
[5496, 15205] -> 12470	0.6509031169042182
[5496, 12470] -> 15205	0.8304426939377189
[12470, 5317] -> 5496	0.5214037821886476
[5496, 5317] -> 12470	0.7247445116386356
[5496, 12470] -> 5317	0.8322392666298138
[14313, 5317] -> 6037	0.4969538373471808
[6037, 5317] -> 14313	0.7125729194148858
[6037, 14313] -> 5317	0.7793107133315522
[15205, 1905] -> 6037	0.716601291094264
[6037, 1905] -> 15205	0.6845479139011644
[6037, 15205] -> 1905	0.8331015725649782
[16954, 1905] -> 6037	0.7314155260089554
[6037, 1905] -> 16954	0.6271654932535748
[6037, 16954] -> 1905	0.8806894598994832
[1905, 3962] -> 6037	0.7183995343041394
[6037, 3962] -> 1905	0.8895383541124663
[6037, 1905] -> 3962	0.6635777057113571
[2452, 11521] -> 6037	0.7135803258255499
[6037, 11521] -> 2452	0.9045800753555078
[6037, 2452] -> 11521	0.890776166443917
[2452, 14410] -> 6037	0.7740574880233284
[6037, 14410] -> 2452	0.8153425919831502
[6037, 2452] -> 14410	0.7413077736330813
[2452, 2372] -> 6037	0.8919826823027202
[6037, 2372] -> 2452	0.7122576646718184
[6037, 2452] -> 2372	0.733597973309928
[2452, 6206] -> 6037	0.787990009773048
[6037, 6206] -> 2452	0.7514186306589902
[6037, 2452] -> 6206	0.7237637390038101
[6037, 1905] -> 6134	0.6107489120024197
[6134, 1905] -> 6037	0.7934056579062254
[6134, 6037] -> 1905	0.8445051115241636
[11521, 15107] -> 6206	0.7167730986924066
[6206, 15107] -> 11521	0.7160566416776912
[6206, 11521] -> 15107	0.8198137551890498
[11283, 15107] -> 6287	0.7106403556084587
[6287, 15107] -> 11283	0.7895155541320991
[6287, 11283] -> 15107	0.6626374388678853
[11283, 1905] -> 6287	0.6908788122322841
[6287, 1905] -> 11283	0.7599566192151359
[6287, 11283] -> 1905	0.7230671846276577
[11283, 7617] -> 6287	0.8611372437482223
[6287, 7617] -> 11283	0.6875049126208505
[6287, 11283] -> 7617	0.6825985917935555
[1145, 11149] -> 6287	0.857360249185629
[6287, 11149] -> 1145	0.7547067134111244
[6287, 1145] -> 11149	0.6539710176469522
[1145, 2152] -> 6287	0.8723098833529251
[6287, 2152] -> 1145	0.6896659577129989
[6287, 1145] -> 2152	0.6998476522117634
[12470, 14313] -> 6287	0.662118974503231
[6287, 14313] -> 12470	0.7026493635722874
[6287, 12470] -> 14313	0.7470597570221995
[13050, 5317] -> 6287	0.7983642191356888
[6287, 5317] -> 13050	0.5959067503557703
[6287, 13050] -> 5317	0.8539480813753016
[15124, 15205] -> 6287	0.637098910688962
[6287, 15205] -> 15124	0.7933784859011431
[6287, 15124] -> 15205	0.6295640389916382
[15124, 2152] -> 6287	0.7363757596369852
[6287, 2152] -> 15124	0.735250487033297
[6287, 15124] -> 2152	0.633506321511619
[15124, 4306] -> 6287	0.7148749557736355
[6287, 4306] -> 15124	0.7837790935075541
[6287, 15124] -> 4306	0.5911806828156522
[15205, 5317] -> 6287	0.6561258725078092
[6287, 5317] -> 15205	0.5848383393258582
[6287, 15205] -> 5317	0.8254575093636594
[16954, 5317] -> 6287	0.703285331579609
[6287, 5317] -> 16954	0.4999278147106745
[6287, 16954] -> 5317	0.814587043944842
[2152, 5317] -> 6287	0.7235700938753937
[6287, 5317] -> 2152	0.6681951615231784
[6287, 2152] -> 5317	0.8685725009383211
[4656, 5317] -> 6287	0.7888676614860329
[6287, 5317] -> 4656	0.5251651668167663
[6287, 4656] -> 5317	0.8193978139380222
[5317, 16879] -> 6287	0.7653725513404747
[6287, 16879] -> 5317	0.8002867191287039
[6287, 5317] -> 16879	0.5334492881155515
[5317, 7617] -> 6287	0.8615764925373134
[6287, 7617] -> 5317	0.8066392433253857
[6287, 5317] -> 7617	0.6349624292756034
[7624, 5317] -> 6287	0.7380963106446236
[6287, 5317] -> 7624	0.5632171264755017
[6287, 7624] -> 5317	0.8082497212931995
[12470, 5317] -> 6386	0.5871916419547321
[6386, 5317] -> 12470	0.6828979718560413
[6386, 12470] -> 5317	0.8755190739505562
[5317, 7617] -> 6386	0.688945895522388
[6386, 7617] -> 5317	0.8457002175655559
[6386, 5317] -> 7617	0.6197293011000814
[14313, 11677] -> 6972	0.7490768647332389
[6972, 11677] -> 14313	0.808189678378
[6972, 14313] -> 11677	0.6241912681912682
[14313, 15205] -> 6972	0.737198295067634
[6972, 15205] -> 14313	0.756422200369201
[6972, 14313] -> 15205	0.7292224532224533
[14313, 7624] -> 6972	0.7059784763249243
[6972, 7624] -> 14313	0.7729106018101942
[6972, 14313] -> 7624	0.6071767151767152
[15205, 4996] -> 6972	0.7840211778792188
[6972, 4996] -> 15205	0.778935335774428
[6972, 15205] -> 4996	0.7230043303486706
[15205, 5317] -> 6972	0.7172727623308008
[6972, 5317] -> 15205	0.7163611153905407
[6972, 15205] -> 5317	0.8022186567292928
[15205, 9340] -> 6972	0.7540892660558411
[6972, 9340] -> 15205	0.7672578781651571
[6972, 15205] -> 9340	0.7504269965322706
[16954, 5317] -> 6972	0.7132274006518439
[6972, 5317] -> 16954	0.5680711754737329
[6972, 16954] -> 5317	0.8094814717246224
[2452, 1905] -> 6972	0.6064042695130086
[6972, 1905] -> 2452	0.7294466958231353
[6972, 2452] -> 1905	0.8661060956146829
[4996, 14367] -> 6972	0.7868356691259297
[6972, 14367] -> 4996	0.7239267240574405
[6972, 4996] -> 14367	0.7205628148175685
[1905, 15107] -> 7624	0.6289848463874798
[7624, 15107] -> 1905	0.8453255124262686
[7624, 1905] -> 15107	0.771239154527392
[2452, 15107] -> 8387	0.7158146538578836
[8387, 15107] -> 2452	0.8216266477055187
[8387, 2452] -> 15107	0.8473201493631759
[3860, 6206] -> 8644	0.7681865053631987
[8644, 6206] -> 3860	0.7545264696669103
[8644, 3860] -> 6206	0.7774096029090597
[6037, 2452] -> 8644	0.7355927470028526
[8644, 2452] -> 6037	0.8138421133940986
[8644, 6037] -> 2452	0.7486828614644347
[14313, 5317] -> 9756	0.49834403238336683
[9756, 5317] -> 14313	0.7175320852466738
[9756, 14313] -> 5317	0.8493379790940767
