[6037, 1905] -> 10947	0.6101019945222051
[10947, 1905] -> 6037	0.742933142360223
[10947, 6037] -> 1905	0.8782593972231628
[14410, 1905] -> 11089	0.6838326828218161
[11089, 1905] -> 14410	0.7284292807433848
[11089, 14410] -> 1905	0.8861127956337176
[14621, 1905] -> 11089	0.7750738886236911
[11089, 1905] -> 14621	0.7608626293644939
[11089, 14621] -> 1905	0.8298499347542411
[3962, 5317] -> 11089	0.7574376702283679
[11089, 5317] -> 3962	0.8028893133161589
[11089, 3962] -> 5317	0.726522778883061
[11064, 4306] -> 11283	0.8164646486627641
[11283, 4306] -> 11064	0.6692889507296015
[11283, 11064] -> 4306	0.7441145554431685
[12155, 1905] -> 11283	0.7188383030488797
[11283, 1905] -> 12155	0.6217718750258913
[11283, 12155] -> 1905	0.8832889997881406
[12470, 1905] -> 11283	0.7597585953190559
[11283, 1905] -> 12470	0.6331143276137766
[11283, 12470] -> 1905	0.754045786461417
[12918, 4306] -> 11283	0.83453801371837
[11283, 4306] -> 12918	0.6456883941631881
[11283, 12918] -> 4306	0.7536986329894116
[14550, 571] -> 11283	0.8250344092705234
[11283, 571] -> 14550	0.7128102343779968
[11283, 14550] -> 571	0.6962708307963242
[15124, 10042] -> 11283	0.8099793805290114
[11283, 10042] -> 15124	0.8045477068766174
[11283, 15124] -> 10042	0.6045774618751707
[15124, 11521] -> 11283	0.7513673569461733
[11283, 11521] -> 15124	0.7952848644548248
[11283, 15124] -> 11521	0.6592968316880838
[15124, 14410] -> 11283	0.7816986379811036
[11283, 14410] -> 15124	0.8166542036107254
[11283, 15124] -> 14410	0.6325618726883073
[15124, 16879] -> 11283	0.7675221133632144
[11283, 16879] -> 15124	0.7587491422409567
[11283, 15124] -> 16879	0.6404474857885198
[15124, 571] -> 11283	0.7450496481249397
[11283, 571] -> 15124	0.7411484905443246
[11283, 15124] -> 571	0.6394876420113691
[15124, 6971] -> 11283	0.8147532975085491
[11283, 6971] -> 15124	0.7708053036449721
[11283, 15124] -> 6971	0.6210106493012172
[16377, 2452] -> 11283	0.8205102439569029
[11283, 2452] -> 16377	0.719528075586234
[11283, 16377] -> 2452	0.625992367712699
[16377, 571] -> 11283	0.7935556062531912
[11283, 571] -> 16377	0.700506348536576
[11283, 16377] -> 571	0.6222188149511056
[16377, 6037] -> 11283	0.8047551686615887
[11283, 6037] -> 16377	0.7291504402094076
[11283, 16377] -> 6037	0.6299788749190773
[16377, 7624] -> 11283	0.7868188199259795
[11283, 7624] -> 16377	0.7259925813985437
[11283, 16377] -> 7624	0.6302003475416539
[2452, 3962] -> 11283	0.7863256144430449
[11283, 3962] -> 2452	0.7500770194499785
[11283, 2452] -> 3962	0.7151417241885739
[2862, 15107] -> 11283	0.8444535036463287
[11283, 15107] -> 2862	0.6934736920415868
[11283, 2862] -> 15107	0.757276032252168
[2862, 1905] -> 11283	0.8286265915257776
[11283, 1905] -> 2862	0.6578373944671367
[11283, 2862] -> 1905	0.8062940471596564
[3860, 1905] -> 11283	0.7195171408109204
[11283, 1905] -> 3860	0.6908788122322841
[11283, 3860] -> 1905	0.8213930397265536
[4306, 16879] -> 11283	0.8435883596455719
[11283, 16879] -> 4306	0.7354377021860601
[11283, 4306] -> 16879	0.6691462413928432
[4640, 4306] -> 11283	0.8638428397489931
[11283, 4306] -> 4640	0.65812194512826
[11283, 4640] -> 4306	0.7742659866943692
[5317, 4306] -> 11283	0.7831900849992877
[11283, 4306] -> 5317	0.7355417603196689
[11283, 5317] -> 4306	0.6645981754295477
[5317, 571] -> 11283	0.7410688598101172
[11283, 571] -> 5317	0.7163585101077908
[11283, 5317] -> 571	0.6020034815125237
[6972, 14313] -> 11283	0.615002079002079
[11283, 14313] -> 6972	0.6664203582885774
[11283, 6972] -> 14313	0.7532491342432267
[5317, 9340] -> 1145	0.5494415005146582
[1145, 9340] -> 5317	0.9035194402999109
[1145, 5317] -> 9340	0.6148897137249882
[12470, 7624] -> 12317	0.7295845236305318
[12317, 7624] -> 12470	0.7775558166862515
[12317, 12470] -> 7624	0.6045783392722168
[14313, 4996] -> 12317	0.7737610034801704
[12317, 4996] -> 14313	0.8009111661192607
[12317, 14313] -> 4996	0.6869934483926669
[14313, 5317] -> 12317	0.6532826321026018
[12317, 5317] -> 14313	0.7791160741860502
[12317, 14313] -> 5317	0.7920091871215063
[14313, 9340] -> 12317	0.7141636999313525
[12317, 9340] -> 14313	0.829453483521068
[12317, 14313] -> 9340	0.7391749766604152
[14367, 5317] -> 12317	0.739830107366166
[12317, 5317] -> 14367	0.7241185936509484
[12317, 14367] -> 5317	0.8102010566614228
[14367, 9340] -> 12317	0.7711881367400814
[12317, 9340] -> 14367	0.7501970055161545
[12317, 14367] -> 9340	0.7358437377806473
[15124, 6972] -> 12317	0.7016096410553873
[12317, 6972] -> 15124	0.8078795655077864
[12317, 15124] -> 6972	0.7356985082271592
[3427, 15124] -> 12317	0.6745608383799339
[12317, 15124] -> 3427	0.6284733337601639
[12317, 3427] -> 15124	0.9333578967386138
[6287, 15124] -> 12317	0.6513235905570015
[12317, 15124] -> 6287	0.676979960304757
[12317, 6287] -> 15124	0.8130761171506291
[6972, 11677] -> 12317	0.7897128336545606
[12317, 11677] -> 6972	0.7846856678221424
[12317, 6972] -> 11677	0.6445583014026084
[6972, 15205] -> 12317	0.7274123147525146
[12317, 15205] -> 6972	0.7780443247033639
[12317, 6972] -> 15205	0.7410799029774668
[7234, 15205] -> 12317	0.7551959434080381
[12317, 15205] -> 7234	0.667832296875865
[12317, 7234] -> 15205	0.7405766554800687
[14313, 2152] -> 12470	0.7516385851173726
[12470, 2152] -> 14313	0.7846113801790412
[12470, 14313] -> 2152	0.659516944450956
[2152, 5317] -> 12470	0.706038249942305
[12470, 5317] -> 2152	0.6842860956586361
[12470, 2152] -> 5317	0.8816338672343431
[2152, 9340] -> 12470	0.8154814928582399
[12470, 9340] -> 2152	0.6659420047493227
[12470, 2152] -> 9340	0.7403716545973432
[5317, 11677] -> 12470	0.7798348907536877
[12470, 11677] -> 5317	0.8359461318768371
[12470, 5317] -> 11677	0.5786488885040801
[5317, 7617] -> 12470	0.6734141791044777
[12470, 7617] -> 5317	0.8565800870937503
[12470, 5317] -> 7617	0.5208626449345946
[7624, 5317] -> 12470	0.7381323483039777
[12470, 5317] -> 7624	0.5911311211642388
[12470, 7624] -> 5317	0.8212198666867139
[15124, 5317] -> 12911	0.5540471328081947
[12911, 5317] -> 15124	0.7633607560450554
[12911, 15124] -> 5317	0.8159623426967365
[15124, 9340] -> 12911	0.5786332318538696
[12911, 9340] -> 15124	0.7949567437867348
[12911, 15124] -> 9340	0.6896041400118396
[14410, 1905] -> 12918	0.6788251481200686
[12918, 1905] -> 14410	0.7472875086294835
[12918, 14410] -> 1905	0.8746698505734649
[11283, 15107] -> 13728	0.7493443934011568
[13728, 15107] -> 11283	0.8124867660848785
[13728, 11283] -> 15107	0.7313752541388324
[11283, 1905] -> 13728	0.730109281920843
[13728, 1905] -> 11283	0.7938418297945175
[13728, 11283] -> 1905	0.7998293639268079
[11283, 571] -> 13728	0.7157447543058805
[13728, 571] -> 11283	0.8096834385645164
[13728, 11283] -> 571	0.6774161341853034
[12470, 14313] -> 13728	0.5695398391898544
[13728, 14313] -> 12470	0.7057456573520015
[13728, 12470] -> 14313	0.803341746481357
[15124, 15205] -> 13728	0.5719428384422385
[13728, 15205] -> 15124	0.8070322034457357
[13728, 15124] -> 15205	0.6694636228486999
[15124, 2782] -> 13728	0.7939627475700517
[13728, 2782] -> 15124	0.7863911462896388
[13728, 15124] -> 2782	0.7122296909059401
[15124, 4306] -> 13728	0.7299770953985959
[13728, 4306] -> 15124	0.8031161327992952
[13728, 15124] -> 4306	0.7150570487856042
[16377, 14313] -> 13728	0.6352739298119935
[13728, 14313] -> 16377	0.7384341292434013
[13728, 16377] -> 14313	0.7661412655837175
[17157, 15124] -> 13728	0.7908355910147834
[13728, 15124] -> 17157	0.676231040741315
[13728, 17157] -> 15124	0.7884472234628555
[1905, 4306] -> 13728	0.7508291489874191
[13728, 4306] -> 1905	0.8302107128589136
[13728, 1905] -> 4306	0.7300981019215005
[2782, 15107] -> 13728	0.8231141005367604
[13728, 15107] -> 2782	0.7452736017423395
[13728, 2782] -> 15107	0.7443279659224797
[6037, 11521] -> 13728	0.7388891139650771
[13728, 11521] -> 6037	0.757958606932092
[13728, 6037] -> 11521	0.7716930237478182
[6037, 1905] -> 13728	0.6898492766286357
[13728, 1905] -> 6037	0.7396830830488168
[13728, 6037] -> 1905	0.8685671973343206
[11089, 11521] -> 14240	0.8383956611929402
[14240, 11521] -> 11089	0.6332586394033822
[14240, 11089] -> 11521	0.9291686466908979
[14691, 11521] -> 14240	0.8281956515171351
[14240, 11521] -> 14691	0.7198539967087988
[14240, 14691] -> 11521	0.9340034071550255
[1905, 4306] -> 14240	0.6929740045580034
[14240, 4306] -> 1905	0.8935837245696402
[14240, 1905] -> 4306	0.6932694446504041
[2452, 14454] -> 14240	0.8275518972457148
[14240, 14454] -> 2452	0.8900779511376488
[14240, 2452] -> 14454	0.6586753059755219
[2452, 5317] -> 14240	0.7673791348600509
[14240, 5317] -> 2452	0.8740638549467876
[14240, 2452] -> 5317	0.6785007199424047
[3860, 2452] -> 14240	0.8141852160711612
[14240, 2452] -> 3860	0.6853311735061195
[14240, 3860] -> 2452	0.9020100204910751
[3962, 11521] -> 14240	0.840749060434576
[14240, 11521] -> 3962	0.6814362242218409
[14240, 3962] -> 11521	0.9235423216086363
[6037, 11521] -> 14240	0.8374387230077381
[14240, 11521] -> 6037	0.7237316620566507
[14240, 6037] -> 11521	0.9210631850993674
[6037, 1905] -> 14240	0.6775074353502596
[14240, 1905] -> 6037	0.7473956402461629
[14240, 6037] -> 1905	0.8983267979680956
[8644, 11521] -> 14240	0.8382773288919897
[14240, 11521] -> 8644	0.6520342424985119
[14240, 8644] -> 11521	0.9256990182676773
[14367, 11677] -> 14313	0.8331329537463422
[14313, 11677] -> 14367	0.7330592203748428
[14313, 14367] -> 11677	0.6362848876492091
[15205, 11677] -> 14313	0.7786481243971466
[14313, 11677] -> 15205	0.7331190994191732
[14313, 15205] -> 11677	0.6175755996267307
[16954, 5317] -> 14313	0.7476861478350855
[14313, 5317] -> 16954	0.5268430306251789
[14313, 16954] -> 5317	0.7964355619655918
[1905, 15107] -> 14313	0.6527616054197982
[14313, 15107] -> 1905	0.8369614015305751
[14313, 1905] -> 15107	0.7302464974767259
[2782, 5317] -> 14313	0.7910404992358635
[14313, 5317] -> 2782	0.5079322893241199
[14313, 2782] -> 5317	0.7721113804462677
[4996, 14367] -> 14313	0.8063406367022194
[14313, 14367] -> 4996	0.6882763638883594
[14313, 4996] -> 14367	0.7393594253066086
[5317, 13081] -> 14313	0.7698342388113866
[14313, 13081] -> 5317	0.785187846326355
[14313, 5317] -> 13081	0.4915089067887858
[5317, 16879] -> 14313	0.7251385847586357
[14313, 16879] -> 5317	0.7865365686652116
[14313, 5317] -> 16879	0.5009881288247401
[5317, 9340] -> 14313	0.772505813731844
[14313, 9340] -> 5317	0.8087453503408419
[14313, 5317] -> 9340	0.6904499052759265
[1905, 4306] -> 14550	0.7253247114190954
[14550, 4306] -> 1905	0.7963079739625711
[14550, 1905] -> 4306	0.7769706352278026
[4306, 15107] -> 14550	0.743324033479474
[14550, 15107] -> 4306	0.7968513771116807
[14550, 4306] -> 15107	0.7397782750203417
[6037, 1905] -> 14550	0.6311562179691832
[14550, 1905] -> 6037	0.7455218474302102
[14550, 6037] -> 1905	0.8609509838752192
[1905, 4306] -> 14621	0.6820051509143799
[14621, 4306] -> 1905	0.8467856033679562
[14621, 1905] -> 4306	0.7476919326826394
[11064, 571] -> 14691	0.6898641865398822
[14691, 571] -> 11064	0.7957264116933765
[14691, 11064] -> 571	0.7919026755525598
[11283, 2782] -> 14691	0.7066362293032245
[14691, 2782] -> 11283	0.8494762013208836
[14691, 11283] -> 2782	0.7420917555307974
[11283, 4306] -> 14691	0.7036997395554605
[14691, 4306] -> 11283	0.8260496283111717
[14691, 11283] -> 4306	0.784816170619131
[11521, 15107] -> 14691	0.7568347017450929
[14691, 15107] -> 11521	0.7967409151460703
[14691, 11521] -> 15107	0.776986676602987
[14410, 11521] -> 14691	0.7906038701185661
[14691, 11521] -> 14410	0.7500780471102428
[14691, 14410] -> 11521	0.8259534027523648
[15124, 2782] -> 14691	0.7419781202976942
[14691, 2782] -> 15124	0.8309952174903211
[14691, 15124] -> 2782	0.6821138819306838
[15124, 4306] -> 14691	0.732705163777211
[14691, 4306] -> 15124	0.8239346665270654
[14691, 15124] -> 4306	0.7355404344412458
[1905, 5317] -> 14691	0.6167421508553528
[14691, 5317] -> 1905	0.8113211554800339
[14691, 1905] -> 5317	0.7139692894326114
[2862, 4306] -> 14691	0.757321186196685
[14691, 4306] -> 2862	0.7711339126793006
[14691, 2862] -> 4306	0.8334861087534658
[6037, 11521] -> 14691	0.7531398128266419
[14691, 11521] -> 6037	0.7488393639412281
[14691, 6037] -> 11521	0.8040810147388
[10042, 1905] -> 15124	0.8053610828241684
[15124, 1905] -> 10042	0.6054996849803411
[15124, 10042] -> 1905	0.8416624171341153
[11064, 571] -> 15124	0.7233724167976815
[15124, 571] -> 11064	0.7363154343005881
[15124, 11064] -> 571	0.7482097549984816
[11089, 1905] -> 15124	0.7610919460009172
[15124, 1905] -> 11089	0.6087934348308064
[15124, 11089] -> 1905	0.835469360505204
[12470, 2452] -> 15124	0.8771804869804557
[15124, 2452] -> 12470	0.6833725195147183
[15124, 12470] -> 2452	0.5405266681544298
[12470, 6037] -> 15124	0.8542004329977404
[15124, 6037] -> 12470	0.6902244570204956
[15124, 12470] -> 6037	0.5371048129137842
[12470, 7624] -> 15124	0.8324662957951185
[15124, 7624] -> 12470	0.7313660220507944
[15124, 12470] -> 7624	0.6178010860670982
[14313, 11677] -> 15124	0.7854933035268757
[15124, 11677] -> 14313	0.7835150067194266
[15124, 14313] -> 11677	0.5671994580805096
[14313, 15205] -> 15124	0.77447477490353
[15124, 15205] -> 14313	0.717815456061338
[15124, 14313] -> 15205	0.6638729948258218
[14313, 4996] -> 15124	0.7944280051365084
[15124, 4996] -> 14313	0.7470402422057525
[15124, 14313] -> 4996	0.6152371618407968
[14313, 5317] -> 15124	0.7375120960597512
[15124, 5317] -> 14313	0.7016370060617848
[15124, 14313] -> 5317	0.7799028580488016
[14313, 9340] -> 15124	0.7669742492696243
[15124, 9340] -> 14313	0.7697884954334242
[15124, 14313] -> 9340	0.6924246573368117
[14410, 1905] -> 15124	0.7832626662548321
[15124, 1905] -> 14410	0.6673870913716514
[15124, 14410] -> 1905	0.8556893942492536
[14550, 5317] -> 15124	0.7782508972752564
[15124, 5317] -> 14550	0.47515964861097604
[15124, 14550] -> 5317	0.7587609868209911
[15107, 571] -> 15124	0.7620216258167365
[15124, 571] -> 15107	0.7004530993926541
[15124, 15107] -> 571	0.6745267692193433
[15205, 11677] -> 15124	0.770846803684428
[15124, 11677] -> 15205	0.7239460454930068
[15124, 15205] -> 11677	0.5666599136654771
[15205, 1905] -> 15124	0.7473659214437741
[15124, 1905] -> 15205	0.6777069758910271
[15124, 15205] -> 1905	0.6621343639452072
[16954, 11521] -> 15124	0.8153276174699469
[15124, 11521] -> 16954	0.6869129795179358
[15124, 16954] -> 11521	0.6794802432745046
[16954, 1905] -> 15124	0.7948481790301877
[15124, 1905] -> 16954	0.6469706274075078
[15124, 16954] -> 1905	0.7567161673071899
[1905, 14312] -> 15124	0.8472426301772431
[15124, 14312] -> 1905	0.7999241315775213
[15124, 1905] -> 14312	0.5886082511225067
[1905, 571] -> 15124	0.7537335708439652
[15124, 571] -> 1905	0.7546418586715512
[15124, 1905] -> 571	0.624289211972342
[2452, 11521] -> 15124	0.739267651547232
[15124, 11521] -> 2452	0.8725246124250311
[15124, 2452] -> 11521	0.8701777485187623
[2452, 14410] -> 15124	0.8011351801707977
[15124, 14410] -> 2452	0.7865863634504479
[15124, 2452] -> 14410	0.7234552807298034
[2862, 4306] -> 15124	0.7795726566034632
[15124, 4306] -> 2862	0.7058993314835851
[15124, 2862] -> 4306	0.8144094014523268
[3860, 15107] -> 15124	0.7486682428654116
[15124, 15107] -> 3860	0.7084675585097988
[15124, 3860] -> 15107	0.7316147216443452
[4306, 15107] -> 15124	0.7867267580300662
[15124, 15107] -> 4306	0.7146689937521469
[15124, 4306] -> 15107	0.7167650509301503
[6037, 14313] -> 15124	0.8021480096179535
[15124, 14313] -> 6037	0.5409178040730439
[15124, 6037] -> 14313	0.7175455032119914
[6206, 5317] -> 15124	0.7502769055675802
[15124, 5317] -> 6206	0.47868002204285387
[15124, 6206] -> 5317	0.8018288047609738
[6972, 11677] -> 15124	0.810956898129704
[15124, 11677] -> 6972	0.7497486436712956
[15124, 6972] -> 11677	0.5748303732932386
[6972, 15205] -> 15124	0.7963010886255025
[15124, 15205] -> 6972	0.7192881297822937
[15124, 6972] -> 15205	0.7045480564481046
[6972, 2452] -> 15124	0.873811962554489
[15124, 2452] -> 6972	0.6899934167215273
[15124, 6972] -> 2452	0.5599551223830931
[6972, 7624] -> 15124	0.8448420049753878
[15124, 7624] -> 6972	0.7028074254112509
[15124, 6972] -> 7624	0.609114430290865
[7234, 12470] -> 15124	0.785042402513617
[15124, 12470] -> 7234	0.5928959309677899
[15124, 7234] -> 12470	0.7627592278908635
[7234, 6972] -> 15124	0.7932224133019634
[15124, 6972] -> 7234	0.5738229165871641
[15124, 7234] -> 6972	0.7195123118295006
[7624, 16879] -> 15124	0.8217490012879565
[15124, 16879] -> 7624	0.7465689579945262
[15124, 7624] -> 16879	0.6629944696889639
[7624, 1905] -> 15124	0.8196830975368671
[15124, 1905] -> 7624	0.6547384539313655
[15124, 7624] -> 1905	0.722964880763676
[2452, 11521] -> 15205	0.6332425155202582
[15205, 11521] -> 2452	0.8674941441737264
[15205, 2452] -> 11521	0.8827801292047227
[2452, 1905] -> 15205	0.6570797198132088
[15205, 1905] -> 2452	0.6930133155089621
[15205, 2452] -> 1905	0.8776676319893073
[11283, 5317] -> 15582	0.6507688340156668
[15582, 5317] -> 11283	0.6099956186073214
[15582, 11283] -> 5317	0.8256646216768917
[1145, 2152] -> 15582	0.8381747897639931
[15582, 2152] -> 1145	0.729548920261695
[15582, 1145] -> 2152	0.707369887057387
[12911, 5317] -> 15582	0.6490786147510964
[15582, 5317] -> 12911	0.5489205154935111
[15582, 12911] -> 5317	0.856777342828845
[14538, 11149] -> 15582	0.8736749116607774
[15582, 11149] -> 14538	0.7623555920109893
[15582, 14538] -> 11149	0.682087058012149
[15124, 5317] -> 15582	0.6020551719666764
[15582, 5317] -> 15124	0.7015062925863814
[15582, 15124] -> 5317	0.8436889587440606
[15124, 9340] -> 15582	0.5798990546386796
[15582, 9340] -> 15124	0.7657550912457022
[15582, 15124] -> 9340	0.6576147689176789
[16242, 14313] -> 15582	0.5760159967121381
[15582, 14313] -> 16242	0.6802217597043203
[15582, 16242] -> 14313	0.7667890622534114
[16242, 6287] -> 15582	0.7205370916360118
[15582, 6287] -> 16242	0.6136891943371142
[15582, 16242] -> 6287	0.8305049080980987
[1905, 14538] -> 15582	0.7636917890881851
[15582, 14538] -> 1905	0.649026941475017
[15582, 1905] -> 14538	0.7255770276281323
[2152, 14538] -> 15582	0.8351752835633905
[15582, 14538] -> 2152	0.6601678205434273
[15582, 2152] -> 14538	0.7345467066751931
[3860, 5317] -> 15582	0.6859724659442445
[15582, 5317] -> 3860	0.5728822009699497
[15582, 3860] -> 5317	0.8180288435608962
[5317, 7617] -> 15582	0.765410447761194
[15582, 7617] -> 5317	0.8424229979466119
[15582, 5317] -> 7617	0.619831089758117
[11283, 12470] -> 16242	0.7434181961713044
[16242, 12470] -> 11283	0.5774531295509941
[16242, 11283] -> 12470	0.7742379709370439
[12317, 16377] -> 16242	0.7960610803435267
[16242, 16377] -> 12317	0.7702799782541162
[16242, 12317] -> 16377	0.6373194750116468
[12317, 6972] -> 16242	0.8344640911168137
[16242, 6972] -> 12317	0.775593220338983
[16242, 12317] -> 6972	0.7626789185368439
[12470, 1905] -> 16242	0.7551253753305893
[16242, 1905] -> 12470	0.7610501528132673
[16242, 12470] -> 1905	0.5821363420354729
[14367, 11677] -> 16242	0.8427738584034661
[16242, 11677] -> 14367	0.7589087826451092
[16242, 14367] -> 11677	0.6333069114526068
[15205, 11677] -> 16242	0.7887283635245859
[16242, 11677] -> 15205	0.7600016341705053
[16242, 15205] -> 11677	0.6250609008282513
[6287, 4996] -> 16242	0.7978073328540619
[16242, 4996] -> 6287	0.6465412361418119
[16242, 6287] -> 4996	0.6888264127865052
[6287, 5317] -> 16242	0.6343918217504589
[16242, 5317] -> 6287	0.6728302794770651
[16242, 6287] -> 5317	0.8423137659397735
[6287, 9340] -> 16242	0.7429818966786048
[16242, 9340] -> 6287	0.6347586993151202
[16242, 6287] -> 9340	0.6911814372951905
[6972, 14313] -> 16242	0.787051975051975
[16242, 14313] -> 6972	0.7480122662535762
[16242, 6972] -> 14313	0.7730692260567694
[6972, 14712] -> 16242	0.827524250440917
[16242, 14712] -> 6972	0.8098577115179235
[16242, 6972] -> 14712	0.613216254849908
[7234, 6972] -> 16242	0.8303282234155914
[16242, 6972] -> 7234	0.6428507249336328
[16242, 7234] -> 6972	0.765477128378707
[12470, 14313] -> 16377	0.6565476609078194
[16377, 14313] -> 12470	0.6999058717690276
[16377, 12470] -> 14313	0.789942274787056
[14313, 16954] -> 16377	0.7532296281034305
[16377, 16954] -> 14313	0.7585748967692403
[16377, 14313] -> 16954	0.6090513040508458
[1905, 5317] -> 16377	0.6434239950915094
[16377, 5317] -> 1905	0.6337741445532113
[16377, 1905] -> 5317	0.748220957960157
[2862, 4306] -> 16377	0.7600871961502077
[16377, 4306] -> 2862	0.6928354515802497
[16377, 2862] -> 4306	0.8434504792332268
[6972, 14313] -> 16377	0.6794345114345114
[16377, 14313] -> 6972	0.6805720997259451
[16377, 6972] -> 14313	0.7858001596568339
[7234, 14313] -> 16377	0.6612930184358755
[16377, 14313] -> 7234	0.6591391848328598
[16377, 7234] -> 14313	0.8347733434608771
[14313, 5317] -> 16384	0.5166005642556324
[16384, 5317] -> 14313	0.7512561071085258
[16384, 14313] -> 5317	0.7975318772882212
[15124, 16377] -> 16384	0.6217030262748298
[16384, 16377] -> 15124	0.76739742245023
[16384, 15124] -> 16377	0.7330271407031188
[15124, 6972] -> 16384	0.5718080031750151
[16384, 6972] -> 15124	0.8341126697840124
[16384, 15124] -> 6972	0.7431949845250377
[16377, 14313] -> 16384	0.6110171679897375
[16384, 14313] -> 16377	0.7717039094390439
[16384, 16377] -> 14313	0.7617583832677349
[14410, 1905] -> 16954	0.6771310102116269
[16954, 1905] -> 14410	0.7088309932295391
[16954, 14410] -> 1905	0.9038029084003799
[11283, 2782] -> 17157	0.7343045504489827
[17157, 2782] -> 11283	0.8641303742016029
[17157, 11283] -> 2782	0.7652639164470242
[11283, 4306] -> 17157	0.6925594919547612
[17157, 4306] -> 11283	0.8594974540624308
[17157, 11283] -> 4306	0.7664978628049082
[15124, 15205] -> 17169	0.5681325873864328
[17169, 15205] -> 15124	0.7224974731960602
[17169, 15124] -> 15205	0.7939738438252045
[6206, 11521] -> 1905	0.8893526309884437
[1905, 11521] -> 6206	0.6588755527479468
[1905, 6206] -> 11521	0.728345262925767
[15205, 1905] -> 1962	0.6395929710998927
[1962, 1905] -> 15205	0.7149964114009301
[1962, 15205] -> 1905	0.8024695444915254
[3860, 1905] -> 1962	0.6803948469709129
[1962, 1905] -> 3860	0.7752652122189341
[1962, 3860] -> 1905	0.8036384019567876
[5317, 4306] -> 2152	0.7090080250724156
[2152, 4306] -> 5317	0.8623557542364071
[2152, 5317] -> 4306	0.5557706194584856
[4306, 15107] -> 2452	0.7722557766399935
[2452, 15107] -> 4306	0.7201700213479719
[2452, 4306] -> 15107	0.800656918838737
[7624, 11521] -> 2452	0.8821579906730109
[2452, 11521] -> 7624	0.5954825462012321
[2452, 7624] -> 11521	0.8714207209419248
[12470, 5317] -> 3106	0.5470176122138286
[3106, 5317] -> 12470	0.7193551753911551
[3106, 12470] -> 5317	0.8539167652193502
[12470, 14313] -> 3427	0.5646483352477397
[3427, 14313] -> 12470	0.7796767441358624
[3427, 12470] -> 14313	0.7833788647500107
[15124, 12470] -> 3427	0.6412556720970022
[3427, 12470] -> 15124	0.9345214864923463
[3427, 15124] -> 12470	0.7404887686294721
[15205, 5317] -> 3860	0.5569087192935096
[3860, 5317] -> 15205	0.6531287877417371
[3860, 15205] -> 5317	0.7461070295628093
[6037, 11521] -> 3860	0.7302495644775756
[3860, 11521] -> 6037	0.7670106382978723
[3860, 6037] -> 11521	0.7348792172051779
[11089, 1905] -> 3938	0.7589882151189455
[3938, 1905] -> 11089	0.6708526107072043
[3938, 11089] -> 1905	0.8525781739987457
[11283, 15124] -> 3938	0.6115942508667555
[3938, 15124] -> 11283	0.7500583501618583
[3938, 11283] -> 15124	0.7618797286989507
[11283, 3962] -> 3938	0.7571833473679886
[3938, 3962] -> 11283	0.7611226954600822
[3938, 11283] -> 3962	0.7600243263858825
[15205, 1905] -> 3938	0.6943413484371427
[3938, 1905] -> 15205	0.6957303370786516
[3938, 15205] -> 1905	0.8115375917435909
[2452, 11521] -> 3938	0.6604638899320064
[3938, 11521] -> 2452	0.8984913371448446
[3938, 2452] -> 11521	0.8993319987814962
[5496, 1905] -> 3938	0.7271899685783925
[3938, 1905] -> 5496	0.6546728354263053
[3938, 5496] -> 1905	0.8323417700245369
[14454, 1905] -> 4432	0.7143716290391867
[4432, 1905] -> 14454	0.6594930908065426
[4432, 14454] -> 1905	0.8544157104527031
[1905, 4306] -> 4432	0.6780863797224436
[4432, 4306] -> 1905	0.8636765903217813
[4432, 1905] -> 4306	0.6450401861252115
[2452, 15107] -> 4432	0.7203320372064653
[4432, 15107] -> 2452	0.7398709828988712
[4432, 2452] -> 15107	0.8287246173413446
[2152, 5317] -> 4996	0.6015990828351709
[4996, 5317] -> 2152	0.6738068238668579
[4996, 2152] -> 5317	0.8951647743007477
[11521, 15107] -> 5317	0.7116525901729398
[5317, 15107] -> 11521	0.6769368579186533
[5317, 11521] -> 15107	0.7398478451528687
[9340, 11677] -> 5317	0.825162356958387
[5317, 11677] -> 9340	0.7425345922346146
[5317, 9340] -> 11677	0.5822347603980024
[12155, 1905] -> 5496	0.7055431565436451
[5496, 1905] -> 12155	0.721013322370031
[5496, 12155] -> 1905	0.8326324832700308
[12155, 15107] -> 6037	0.8356137371966916
[6037, 15107] -> 12155	0.6827083146871924
[6037, 12155] -> 15107	0.8226368293340524
[14313, 1905] -> 6037	0.7062526189218241
[6037, 1905] -> 14313	0.6513786903701713
[6037, 14313] -> 1905	0.828543948704248
[1905, 11521] -> 6037	0.7287212820427569
[6037, 11521] -> 1905	0.8879694526597253
[6037, 1905] -> 11521	0.7365701611412633
[2372, 11521] -> 6037	0.8800776291377795
[6037, 11521] -> 2372	0.7302900781914677
[6037, 2372] -> 11521	0.698225940774311
[2452, 4306] -> 6037	0.7694532739987285
[6037, 4306] -> 2452	0.7719807379532481
[6037, 2452] -> 4306	0.7243123017693642
[5317, 15107] -> 6037	0.7394537701430424
[6037, 15107] -> 5317	0.7092813031415018
[6037, 5317] -> 15107	0.774367543165362
[11283, 15124] -> 6287	0.7057168626347712
[6287, 15124] -> 11283	0.6566980303986942
[6287, 11283] -> 15124	0.7395511775519407
[11283, 3860] -> 6287	0.7184467932111231
[6287, 3860] -> 11283	0.7589989073312868
[6287, 11283] -> 3860	0.6324442440428706
[12470, 7624] -> 6287	0.7265774570240063
[6287, 7624] -> 12470	0.715136985625635
[6287, 12470] -> 7624	0.6390686438735387
[13050, 7617] -> 6287	0.8676321372567106
[6287, 7617] -> 13050	0.6571820333446869
[6287, 13050] -> 7617	0.7413230875326339
[14313, 5317] -> 6287	0.6736244565291464
[6287, 5317] -> 14313	0.6795660632893118
[6287, 14313] -> 5317	0.8196774327293834
[14313, 9340] -> 6287	0.6372866744360541
[6287, 9340] -> 14313	0.7833783054506207
[6287, 14313] -> 9340	0.6620340810149674
[15124, 14367] -> 6287	0.664111001798012
[6287, 14367] -> 15124	0.8180355613129687
[6287, 15124] -> 14367	0.6029228328995797
[15124, 6972] -> 6287	0.6510154705662365
[6287, 6972] -> 15124	0.8184181994377441
[6287, 15124] -> 6972	0.6567750281041626
[2152, 7617] -> 6287	0.8851598173515981
[6287, 7617] -> 2152	0.6771993257700806
[6287, 2152] -> 7617	0.6929277403442298
[2452, 11521] -> 6287	0.617662333511773
[6287, 11521] -> 2452	0.8791766177641307
[6287, 2452] -> 11521	0.8699067145284526
[3106, 5317] -> 6287	0.7719393128575902
[6287, 5317] -> 3106	0.5593122460624643
[6287, 3106] -> 5317	0.8270509301616347
[5317, 14538] -> 6287	0.8018614562328846
[6287, 14538] -> 5317	0.8465492879187893
[6287, 5317] -> 14538	0.6260527021359971
[6206, 5317] -> 6287	0.7733642248168359
[6287, 5317] -> 6206	0.5232127266102475
[6287, 6206] -> 5317	0.815730240733992
[6972, 15205] -> 6287	0.6252868209029898
[6287, 15205] -> 6972	0.7033612140736284
[6287, 6972] -> 15205	0.6954990741007263
[7624, 1905] -> 6287	0.7393791746957277
[6287, 1905] -> 7624	0.6748992946065654
[6287, 7624] -> 1905	0.730596580538866
[11283, 5317] -> 6386	0.6005447922375166
[6386, 5317] -> 11283	0.6252926417896671
[6386, 11283] -> 5317	0.8390532810881414
[14313, 14367] -> 6972	0.7427452746833907
[6972, 14367] -> 14313	0.8005826221732554
[6972, 14313] -> 14367	0.7130478170478171
[14367, 5317] -> 6972	0.7320080711456542
[6972, 5317] -> 14367	0.6790556154675704
[6972, 14367] -> 5317	0.823093873130287
[14367, 9340] -> 6972	0.7628205739118833
[6972, 9340] -> 14367	0.7059435717876578
[6972, 14367] -> 9340	0.7473436537132827
[15205, 14367] -> 6972	0.7798678289390198
[6972, 14367] -> 15205	0.7459431196429572
[6972, 15205] -> 14367	0.6891637768921554
[15205, 1905] -> 6972	0.6410177481486693
[6972, 1905] -> 15205	0.7311017935240541
[6972, 15205] -> 1905	0.6287200455462968
[2452, 11521] -> 6972	0.5878602417724654
[6972, 11521] -> 2452	0.8767710952488769
[6972, 2452] -> 11521	0.876301183868893
[5317, 14712] -> 6972	0.7697885196374622
[6972, 14712] -> 5317	0.8425925925925924
[6972, 5317] -> 14712	0.5888152826991219
[14313, 11677] -> 7234	0.7269515578531367
[7234, 11677] -> 14313	0.8637015781922526
[7234, 14313] -> 11677	0.6087516087516087
[14313, 15205] -> 7234	0.6792574969104406
[7234, 15205] -> 14313	0.8430053002796211
[7234, 14313] -> 15205	0.675232746661318
[14313, 2152] -> 7234	0.6822391621843051
[7234, 2152] -> 14313	0.8510331037547212
[7234, 14313] -> 2152	0.6402413545270688
[4996, 5317] -> 7234	0.6388620218123603
[7234, 5317] -> 4996	0.6643717429569832
[7234, 4996] -> 5317	0.8570373933177482
[6972, 5317] -> 7234	0.6096672315513788
[7234, 5317] -> 6972	0.6862833508198427
[7234, 6972] -> 5317	0.8350337085764324
[6972, 9340] -> 7234	0.6576206309587858
[7234, 9340] -> 6972	0.7499874269505828
[7234, 6972] -> 9340	0.786670605488326
[5317, 9340] -> 7624	0.5724295680683161
[7624, 9340] -> 5317	0.8217890058889206
[7624, 5317] -> 9340	0.6763998378305329
[14240, 2452] -> 8387	0.6597462203023758
[8387, 2452] -> 14240	0.8270365398283
[8387, 14240] -> 2452	0.9366423917209659
[15124, 1905] -> 8387	0.5977079329127754
[8387, 1905] -> 15124	0.78317571450964
[8387, 15124] -> 1905	0.8580849772729875
[1905, 15107] -> 8387	0.6521101873641182
[8387, 15107] -> 1905	0.8760597276158179
[8387, 1905] -> 15107	0.8368775798108574
[3860, 1905] -> 8387	0.6236355949021942
[8387, 1905] -> 3860	0.7552641203824652
[8387, 3860] -> 1905	0.8948912881977118
[12155, 1905] -> 8644	0.7017595953984233
[8644, 1905] -> 12155	0.6761698200276881
[8644, 12155] -> 1905	0.8964247259201252
[1905, 5317] -> 8644	0.615636125844656
[8644, 5317] -> 1905	0.8270196405912784
[8644, 1905] -> 5317	0.7038024919243194
[4432, 1905] -> 8644	0.6897208121827412
[8644, 1905] -> 4432	0.7223257960313799
[8644, 4432] -> 1905	0.8639173436948075
