[16954, 1905] -> 10042	0.7801706822390531
[10042, 1905] -> 16954	0.8446304310930075
[10042, 16954] -> 1905	0.8346348570769697
[2452, 11521] -> 10042	0.6237505892504733
[10042, 11521] -> 2452	0.9231933587975829
[10042, 2452] -> 11521	0.9179179061482204
[2452, 1905] -> 10042	0.6334973315543696
[10042, 1905] -> 2452	0.8058490325865582
[10042, 2452] -> 1905	0.8932380157321075
[1905, 3962] -> 10947	0.6600874998863048
[10947, 3962] -> 1905	0.8476056996028967
[10947, 1905] -> 3962	0.7424625300526881
[2452, 11521] -> 11064	0.6245575627801436
[11064, 11521] -> 2452	0.887366473306013
[11064, 2452] -> 11521	0.8762358479991033
[11064, 14550] -> 11283	0.8169162482065997
[11283, 14550] -> 11064	0.6827161765945688
[11283, 11064] -> 14550	0.7227345748795145
[11064, 571] -> 11283	0.7440948610611255
[11283, 571] -> 11064	0.7534427864513407
[11283, 11064] -> 571	0.7790999781836933
[14313, 7624] -> 11283	0.7149128320167084
[11283, 7624] -> 14313	0.7255411850136401
[11283, 14313] -> 7624	0.6662671664924485
[14550, 2452] -> 11283	0.837336604090718
[11283, 2452] -> 14550	0.7218876976550643
[11283, 14550] -> 2452	0.6906597472670557
[14550, 6037] -> 11283	0.8378238995152251
[11283, 6037] -> 14550	0.7207603348154866
[11283, 14550] -> 6037	0.6848144782816408
[15107, 571] -> 11283	0.7979318084091076
[11283, 571] -> 15107	0.7296213893896966
[11283, 15107] -> 571	0.7075157624565254
[15124, 1905] -> 11283	0.7297609838183572
[11283, 1905] -> 15124	0.7581298623826607
[11283, 15124] -> 1905	0.757151249865539
[16377, 15205] -> 11283	0.6947790779154709
[11283, 15205] -> 16377	0.7227014937295312
[11283, 16377] -> 15205	0.6165457085420287
[16879, 15107] -> 11283	0.8406178037263613
[11283, 15107] -> 16879	0.6721409042721372
[11283, 16879] -> 15107	0.7085383785903343
[1905, 15107] -> 11283	0.7374459526581928
[11283, 15107] -> 1905	0.8421987464429855
[11283, 1905] -> 15107	0.7503500501255209
[1905, 8904] -> 11283	0.8490690967039627
[11283, 8904] -> 1905	0.7940679478164129
[11283, 1905] -> 8904	0.6268424235896501
[2862, 2782] -> 11283	0.8720227852607845
[11283, 2782] -> 2862	0.696027355738264
[11283, 2862] -> 2782	0.746196965696529
[2862, 4306] -> 11283	0.8363838275819521
[11283, 4306] -> 2862	0.7254985907452995
[11283, 2862] -> 4306	0.8260048337632269
[3860, 4306] -> 11283	0.8335167828513613
[11283, 4306] -> 3860	0.6686735167148311
[11283, 3860] -> 4306	0.7384726011879549
[5317, 11521] -> 11283	0.7435089436863898
[11283, 11521] -> 5317	0.7277019203896674
[11283, 5317] -> 11521	0.5875616517842751
[5317, 16879] -> 11283	0.7649681403010398
[11283, 16879] -> 5317	0.7602587981570434
[11283, 5317] -> 16879	0.625012088585152
[6206, 15107] -> 11283	0.7566073790974569
[11283, 15107] -> 6206	0.7179868692692544
[11283, 6206] -> 15107	0.7958767137408514
[6206, 5317] -> 11283	0.7563027771850137
[11283, 5317] -> 6206	0.5998114180716289
[11283, 6206] -> 5317	0.7672095660241213
[7624, 1905] -> 11283	0.7912776940203881
[11283, 1905] -> 7624	0.656619468586626
[11283, 7624] -> 1905	0.7776970933997999
[14410, 1905] -> 12155	0.6964217186607886
[12155, 1905] -> 14410	0.7126983974942288
[12155, 14410] -> 1905	0.8900332543840761
[13651, 5317] -> 12317	0.736316063346195
[12317, 5317] -> 13651	0.60951545000894
[12317, 13651] -> 5317	0.7952663223863504
[15124, 16377] -> 12317	0.6696169410814494
[12317, 16377] -> 15124	0.7985191427883458
[12317, 15124] -> 16377	0.6369645944042512
[15124, 7624] -> 12317	0.6857233435485575
[12317, 7624] -> 15124	0.8318342057472492
[12317, 15124] -> 7624	0.623183302388117
[6287, 12470] -> 12317	0.7043094175938498
[12317, 12470] -> 6287	0.6635518676335003
[12317, 6287] -> 12470	0.7678710458779089
[7234, 12470] -> 12317	0.7824421089956366
[12317, 12470] -> 7234	0.6598307210552109
[12317, 7234] -> 12470	0.812791601866252
[14313, 14712] -> 12470	0.8145026775524538
[12470, 14712] -> 14313	0.802057444187504
[12470, 14313] -> 14712	0.579979215015198
[5317, 4306] -> 12470	0.7019706538772021
[12470, 4306] -> 5317	0.8233800086889683
[12470, 5317] -> 4306	0.5333015866144288
[2152, 5317] -> 12911	0.5619346817840047
[12911, 5317] -> 2152	0.6742503416673366
[12911, 2152] -> 5317	0.8857427833841821
[1905, 11521] -> 12918	0.6206237324201216
[12918, 11521] -> 1905	0.8752212493113432
[12918, 1905] -> 11521	0.7693480747235989
[14313, 5317] -> 13462	0.512089245069578
[13462, 5317] -> 14313	0.8171132182158237
[13462, 14313] -> 5317	0.8234527044797055
[11283, 16377] -> 13728	0.6930389451088623
[13728, 16377] -> 11283	0.8173352219643772
[13728, 11283] -> 16377	0.7384548358989254
[11283, 2782] -> 13728	0.7915356344485281
[13728, 2782] -> 11283	0.8415052918844346
[13728, 11283] -> 2782	0.7584591925646239
[11283, 4306] -> 13728	0.7319829462342574
[13728, 4306] -> 11283	0.8406695280728532
[13728, 11283] -> 4306	0.7448718414173686
[14313, 15107] -> 13728	0.7619882857769287
[13728, 15107] -> 14313	0.735896427599141
[13728, 14313] -> 15107	0.706675187358392
[14691, 11521] -> 13728	0.775949405331373
[13728, 11521] -> 14691	0.8005465048624388
[13728, 14691] -> 11521	0.7797579290383955
[15124, 12470] -> 13728	0.5771256415978576
[13728, 12470] -> 15124	0.8550881176224223
[13728, 15124] -> 12470	0.7075964721870069
[16377, 5317] -> 13728	0.5885187629718575
[13728, 5317] -> 16377	0.7185940382561413
[13728, 16377] -> 5317	0.7434776930572716
[1905, 3962] -> 13728	0.6839180302520397
[13728, 3962] -> 1905	0.8904573553444969
[13728, 1905] -> 3962	0.6773626888394426
[2782, 5317] -> 13728	0.7650067923246731
[13728, 5317] -> 2782	0.6998931935139333
[13728, 2782] -> 5317	0.7258793792735364
[3938, 1905] -> 13728	0.6599779687155761
[13728, 1905] -> 3938	0.6746511481257939
[13728, 3938] -> 1905	0.8834507083790447
[6037, 4306] -> 13728	0.7669207300868494
[13728, 4306] -> 6037	0.7390315608321981
[13728, 6037] -> 4306	0.7631565028825303
[6972, 1905] -> 13728	0.7371604541989327
[13728, 1905] -> 6972	0.662021313971191
[13728, 6972] -> 1905	0.7957661072008663
[12155, 11521] -> 14240	0.8662580328505063
[14240, 11521] -> 12155	0.6642974685760302
[14240, 12155] -> 11521	0.9086468235913892
[14691, 2452] -> 14240	0.8087218402647065
[14240, 2452] -> 14691	0.7346472282217422
[14240, 14691] -> 2452	0.9271323111868256
[15205, 1905] -> 14240	0.6428119118397214
[14240, 1905] -> 15205	0.6774023133387707
[14240, 15205] -> 1905	0.8657782515991471
[16954, 1905] -> 14240	0.710575048255455
[14240, 1905] -> 16954	0.6721472529102098
[14240, 16954] -> 1905	0.8931280788177339
[1905, 3962] -> 14240	0.6914673967419481
[14240, 3962] -> 1905	0.9018565751230796
[14240, 1905] -> 3962	0.7045858975309558
[2452, 11521] -> 14240	0.843638891330228
[14240, 11521] -> 2452	0.9242410980007704
[14240, 2452] -> 11521	0.95022498200144
[2452, 14410] -> 14240	0.8163507602582795
[14240, 14410] -> 2452	0.9279634430751381
[14240, 2452] -> 14410	0.7054175665946725
[2452, 6206] -> 14240	0.8003040503854923
[14240, 6206] -> 2452	0.9227148097604947
[14240, 2452] -> 6206	0.6632469402447804
[3624, 2452] -> 14240	0.836613946635357
[14240, 2452] -> 3624	0.6540676745860332
[14240, 3624] -> 2452	0.8776611802779823
[15205, 4996] -> 14313	0.7626000898001946
[14313, 4996] -> 15205	0.7586120261291943
[14313, 15205] -> 4996	0.6853777669421348
[15205, 5317] -> 14313	0.7275153291427249
[14313, 5317] -> 15205	0.6428016518788078
[14313, 15205] -> 5317	0.7929953173208686
[15205, 9340] -> 14313	0.7771382505656059
[14313, 9340] -> 15205	0.7156324334679672
[14313, 15205] -> 9340	0.7537095730102817
[2452, 1905] -> 14313	0.6538025350233488
[14313, 1905] -> 2452	0.7142050319736195
[14313, 2452] -> 1905	0.85219886524206
[4996, 2152] -> 14313	0.799878150096926
[14313, 2152] -> 4996	0.643046699675845
[14313, 4996] -> 2152	0.6719241434500214
[1905, 4306] -> 14410	0.7100016675622094
[14410, 4306] -> 1905	0.8830395206821063
[14410, 1905] -> 4306	0.7173316859948147
[1905, 11521] -> 14550	0.6285201316620673
[14550, 11521] -> 1905	0.8755195850266884
[14550, 1905] -> 11521	0.750404398265305
[1905, 15107] -> 14621	0.6137905202387447
[14621, 15107] -> 1905	0.8769690764827699
[14621, 1905] -> 15107	0.7655877065580596
[1905, 3962] -> 14621	0.7243935493846811
[14621, 3962] -> 1905	0.8402738945569259
[14621, 1905] -> 3962	0.8088849165642551
[11283, 11521] -> 14691	0.7730865971972691
[14691, 11521] -> 11283	0.7800078550639986
[14691, 11283] -> 11521	0.770471908324049
[11283, 14410] -> 14691	0.7790513833992094
[14691, 14410] -> 11283	0.8087095379087794
[14691, 11283] -> 14410	0.725439678497533
[15124, 12918] -> 14691	0.7199369215192595
[14691, 12918] -> 15124	0.8780365201997573
[14691, 15124] -> 12918	0.7510188058473848
[15124, 14313] -> 14691	0.5491979303287549
[14691, 14313] -> 15124	0.8506719649953118
[14691, 15124] -> 14313	0.7123228773320373
[1905, 571] -> 14691	0.7109527706899043
[14691, 571] -> 1905	0.8066070199587061
[14691, 1905] -> 571	0.690062523948822
[4432, 1905] -> 14691	0.644123660462493
[14691, 1905] -> 4432	0.6830904961728614
[14691, 4432] -> 1905	0.8770729834161327
[6287, 15124] -> 14691	0.5574941866732371
[14691, 15124] -> 6287	0.6767487942573
[14691, 6287] -> 15124	0.8489552798818095
[12470, 11677] -> 15124	0.8054681148241573
[15124, 11677] -> 12470	0.7692499128963217
[15124, 12470] -> 11677	0.5748344863497731
[12470, 15205] -> 15124	0.7918390246353268
[15124, 15205] -> 12470	0.7368277517181193
[15124, 12470] -> 15205	0.7034367328721267
[12918, 12470] -> 15124	0.91057062021912
[15124, 12470] -> 12918	0.5817749014356914
[15124, 12918] -> 12470	0.7007445769530585
[12918, 14312] -> 15124	0.8827244935587091
[15124, 14312] -> 12918	0.8042919850430824
[15124, 12918] -> 14312	0.6649045310777997
[13651, 5317] -> 15124	0.7889311065947984
[15124, 5317] -> 13651	0.5209569191870077
[15124, 13651] -> 5317	0.7901413021033068
[14410, 11521] -> 15124	0.8009956585888822
[15124, 11521] -> 14410	0.7116008449322923
[15124, 14410] -> 11521	0.7716164260296945
[14621, 1905] -> 15124	0.7667353923968352
[15124, 1905] -> 14621	0.6020623818676278
[15124, 14621] -> 1905	0.8315287431019859
[15205, 2152] -> 15124	0.7883644845344865
[15124, 2152] -> 15205	0.6836688116995283
[15124, 15205] -> 2152	0.5952017329239976
[16377, 15205] -> 15124	0.7644297685669582
[15124, 15205] -> 16377	0.6205176954604249
[15124, 16377] -> 15205	0.6700039542651377
[16377, 1905] -> 15124	0.7657485119885841
[15124, 1905] -> 16377	0.650503632695053
[15124, 16377] -> 1905	0.6862416813198832
[16954, 4306] -> 15124	0.8126365785131339
[15124, 4306] -> 16954	0.6786372693245937
[15124, 16954] -> 4306	0.6798906757210552
[1905, 4996] -> 15124	0.8311051446196177
[15124, 4996] -> 1905	0.6554780676041057
[15124, 1905] -> 4996	0.5974208263882796
[1905, 5317] -> 15124	0.7713192375693283
[15124, 5317] -> 1905	0.6194106778177575
[15124, 1905] -> 5317	0.7619567904680633
[1905, 9340] -> 15124	0.8105174772981714
[15124, 9340] -> 1905	0.6264140362121454
[15124, 1905] -> 9340	0.6235714456611026
[2452, 7624] -> 15124	0.8498836624691618
[15124, 7624] -> 2452	0.6401070837296136
[15124, 2452] -> 7624	0.6836076366030283
[3962, 5317] -> 15124	0.7836895034569453
[15124, 5317] -> 3962	0.48501410094330455
[15124, 3962] -> 5317	0.7812588113662708
[4432, 1905] -> 15124	0.7203362944162436
[15124, 1905] -> 4432	0.6518753638676438
[15124, 4432] -> 1905	0.8046425090812439
[5317, 15107] -> 15124	0.7756669248210804
[15124, 15107] -> 5317	0.7717351950017175
[15124, 5317] -> 15107	0.5389412946935072
[5496, 6972] -> 15124	0.8929241676513517
[15124, 6972] -> 5496	0.5882860261175519
[15124, 5496] -> 6972	0.70031709112054
[6037, 5317] -> 15124	0.7835624737392392
[15124, 5317] -> 6037	0.5198807092612403
[15124, 6037] -> 5317	0.7665666105842766
[7234, 14367] -> 15124	0.7864537789724824
[15124, 14367] -> 7234	0.6178545985005258
[15124, 7234] -> 14367	0.697175887380016
[7624, 2152] -> 15124	0.8165599216577932
[15124, 2152] -> 7624	0.6492737020164503
[15124, 7624] -> 2152	0.638838986931558
[7624, 4306] -> 15124	0.8329814947897952
[15124, 4306] -> 7624	0.6906947729092568
[15124, 7624] -> 4306	0.6532635880094403
[7624, 571] -> 15124	0.815814479638009
[15124, 571] -> 7624	0.6952472765834378
[15124, 7624] -> 571	0.6350875339039769
[9756, 5317] -> 15124	0.7172671611915695
[15124, 5317] -> 9756	0.473927842069435
[15124, 9756] -> 5317	0.837449879711307
[2152, 5317] -> 15205	0.6275134559693882
[15205, 5317] -> 2152	0.6501253326134742
[15205, 2152] -> 5317	0.8699493255446731
[2152, 5317] -> 15582	0.6682424233400582
[15582, 5317] -> 2152	0.6780809500067987
[15582, 2152] -> 5317	0.8831029563677505
[6287, 11283] -> 15582	0.6945822205265165
[15582, 11283] -> 6287	0.8190388548057259
[15582, 6287] -> 11283	0.6227463907266747
[6287, 13050] -> 15582	0.8255159844342643
[15582, 13050] -> 6287	0.7887533416167778
[15582, 6287] -> 13050	0.6514495401432048
[6287, 14313] -> 15582	0.72248434843899
[15582, 14313] -> 6287	0.8131935824085568
[15582, 6287] -> 14313	0.6773694480941016
[6287, 14538] -> 15582	0.8265068977057227
[15582, 14538] -> 6287	0.7861304897565806
[15582, 6287] -> 14538	0.6912156856647516
[11283, 1905] -> 16242	0.6138926402478935
[16242, 1905] -> 11283	0.7424720677388646
[16242, 11283] -> 1905	0.7614638357346926
[12317, 11677] -> 16242	0.8395386656395772
[16242, 11677] -> 12317	0.8014584971759491
[16242, 12317] -> 11677	0.630291249658629
[12317, 15124] -> 16242	0.7881346437031821
[16242, 15124] -> 12317	0.7267018411245988
[16242, 12317] -> 15124	0.7910086909026651
[12317, 15205] -> 16242	0.8286615858721929
[16242, 15205] -> 12317	0.7544310602624196
[16242, 12317] -> 15205	0.7213931147488313
[12317, 7624] -> 16242	0.7814336075205641
[16242, 7624] -> 12317	0.7618363223562249
[16242, 12317] -> 7624	0.5875596395122813
[12470, 11677] -> 16242	0.840584544184786
[16242, 11677] -> 12470	0.8236627889162386
[16242, 12470] -> 11677	0.6181227292934558
[12470, 15205] -> 16242	0.8059151580110867
[16242, 15205] -> 12470	0.8084605950640928
[16242, 12470] -> 15205	0.7376941118758911
[12470, 2152] -> 16242	0.7832076822250937
[16242, 2152] -> 12470	0.8422420601201605
[16242, 12470] -> 2152	0.6457774439317524
[14313, 11677] -> 16242	0.7920500588810603
[16242, 11677] -> 14313	0.8105996384397758
[16242, 14313] -> 11677	0.6272623808545279
[14313, 15205] -> 16242	0.7681107029062876
[16242, 15205] -> 14313	0.767484837793794
[16242, 14313] -> 15205	0.7221124511958016
[14313, 7624] -> 16242	0.7217683062434128
[16242, 7624] -> 14313	0.7774167343623071
[16242, 14313] -> 7624	0.5899656987496641
[15124, 1905] -> 16242	0.6744531019467417
[16242, 1905] -> 15124	0.8474272258129165
[16242, 15124] -> 1905	0.6240563775227835
[16377, 15205] -> 16242	0.7218003974005779
[16242, 15205] -> 16377	0.6316465903936294
[16242, 16377] -> 15205	0.7299918452935694
[1905, 15107] -> 16242	0.6001677401493376
[16242, 15107] -> 1905	0.8465142988400137
[16242, 1905] -> 15107	0.738574076857558
[1905, 5317] -> 16242	0.6524417318575568
[16242, 5317] -> 1905	0.5892569395329168
[16242, 1905] -> 5317	0.8098201312691017
[3106, 5317] -> 16242	0.6865826003624529
[16242, 5317] -> 3106	0.5276086591954735
[16242, 3106] -> 5317	0.851816972536463
[4996, 14367] -> 16242	0.8776525030698505
[16242, 14367] -> 4996	0.7371108099584921
[16242, 4996] -> 14367	0.7409568361349578
[6386, 5317] -> 16242	0.6462034185595731
[16242, 5317] -> 6386	0.5615060992059732
[16242, 6386] -> 5317	0.8753623188405797
[6692, 15124] -> 16242	0.7869632705928309
[16242, 15124] -> 6692	0.5649190126554257
[16242, 6692] -> 15124	0.8401466182328992
[6972, 13651] -> 16242	0.809356662754721
[16242, 13651] -> 6972	0.7866786958685913
[16242, 6972] -> 13651	0.619652848682867
[6972, 16954] -> 16242	0.8000526870389885
[16242, 16954] -> 6972	0.7803937943661067
[16242, 6972] -> 16954	0.5953685930161323
[12470, 2152] -> 16377	0.679380513697675
[16377, 2152] -> 12470	0.7318179542382216
[16377, 12470] -> 2152	0.6870898595415829
[14313, 7624] -> 16377	0.6976339428162559
[16377, 7624] -> 14313	0.7673246267069384
[16377, 14313] -> 7624	0.6010045897925014
[1905, 15107] -> 16377	0.6480876808702946
[16377, 15107] -> 1905	0.8360399159663866
[16377, 1905] -> 15107	0.7472070448187161
[12470, 14313] -> 16384	0.5631402517639889
[16384, 14313] -> 12470	0.758206034591592
[16384, 12470] -> 14313	0.7838017140122678
[1905, 11521] -> 16954	0.6566313129633938
[16954, 11521] -> 1905	0.8842201875937409
[16954, 1905] -> 11521	0.7740272974005741
[1905, 5317] -> 16954	0.6070059014911154
[16954, 5317] -> 1905	0.7271637056451223
[16954, 1905] -> 5317	0.7366966813964198
[1905, 15107] -> 17088	0.6001758828750337
[17088, 15107] -> 1905	0.8531198999965277
[17088, 1905] -> 15107	0.8060342942128517
[11283, 15107] -> 17157	0.6803801588334852
[17157, 15107] -> 11283	0.8532543412597525
[17157, 11283] -> 15107	0.7222436106257588
[11521, 4306] -> 1905	0.8822454308093994
[1905, 4306] -> 11521	0.7512923607122343
[1905, 11521] -> 4306	0.6740698872892907
[11521, 571] -> 1905	0.8582066783434091
[1905, 571] -> 11521	0.7312791873284867
[1905, 11521] -> 571	0.6312714033979452
[3962, 15107] -> 1905	0.8882477068171052
[1905, 15107] -> 3962	0.671807440822741
[1905, 3962] -> 15107	0.7504252203414497
[4306, 571] -> 1905	0.7968102513972417
[1905, 571] -> 4306	0.7220740455442685
[1905, 4306] -> 571	0.6947342091123011
[1905, 5317] -> 1962	0.6086851219453122
[1962, 5317] -> 1905	0.7563500662092211
[1962, 1905] -> 5317	0.7412767547266274
[14410, 15107] -> 2452	0.8092064347609769
[2452, 15107] -> 14410	0.7440244739249772
[2452, 14410] -> 15107	0.8130493647156842
[14410, 1905] -> 2452	0.7987345445015398
[2452, 1905] -> 14410	0.7116077384923283
[2452, 14410] -> 1905	0.8887315142678609
[1905, 4306] -> 2452	0.7655685460710381
[2452, 4306] -> 1905	0.8755774528501801
[2452, 1905] -> 4306	0.689101067378252
[2372, 11521] -> 2452	0.9062347427009081
[2452, 11521] -> 2372	0.5932134325138424
[2452, 2372] -> 11521	0.9003989861628202
[5317, 15107] -> 2452	0.6974274757163784
[2452, 15107] -> 5317	0.7123360780725831
[2452, 5317] -> 15107	0.7607531806615776
[1905, 11521] -> 2782	0.6422681783422548
[2782, 11521] -> 1905	0.8836007272810438
[2782, 1905] -> 11521	0.7679006211180124
[11064, 4306] -> 2862	0.787152090179096
[2862, 4306] -> 11064	0.7438818738946243
[2862, 11064] -> 4306	0.7972669164646242
[15124, 12470] -> 3106	0.5586178680354087
[3106, 12470] -> 15124	0.8458072872669933
[3106, 15124] -> 12470	0.7392040476823278
[15124, 5317] -> 3106	0.5395118156180103
[3106, 5317] -> 15124	0.7895875437647661
[3106, 15124] -> 5317	0.8191536485249388
[11283, 15124] -> 3427	0.6304518712816396
[3427, 15124] -> 11283	0.6544861057423871
[3427, 11283] -> 15124	0.8950812353887903
[15124, 14367] -> 3427	0.6357668690843709
[3427, 14367] -> 15124	0.937470298391736
[3427, 15124] -> 14367	0.6439204569857836
[15124, 1905] -> 3427	0.6368580976002679
[3427, 1905] -> 15124	0.8761698906090563
[3427, 15124] -> 1905	0.6859511231370528
[6972, 5317] -> 3427	0.5728547219226622
[3427, 5317] -> 6972	0.7169935018607432
[3427, 6972] -> 5317	0.836272040302267
[1905, 11521] -> 3624	0.6497157296272899
[3624, 11521] -> 1905	0.8897565195615302
[3624, 1905] -> 11521	0.741704384791293
[2452, 1905] -> 3624	0.6505920613742495
[3624, 1905] -> 2452	0.7403095258428459
[3624, 2452] -> 1905	0.8980707691599329
[6037, 15107] -> 3624	0.6606283003669561
[3624, 15107] -> 6037	0.8201971264431678
[3624, 6037] -> 15107	0.8084910620399579
[1905, 5317] -> 3860	0.6799551131455512
[3860, 5317] -> 1905	0.7618358449264614
[3860, 1905] -> 5317	0.7267393198898985
[4432, 15107] -> 3860	0.7418091760721243
[3860, 15107] -> 4432	0.7434393179833813
[3860, 4432] -> 15107	0.7832337681129463
[14410, 1905] -> 3938	0.6983311337620158
[3938, 1905] -> 14410	0.6574928398325622
[3938, 14410] -> 1905	0.897573475452041
[14621, 1905] -> 3938	0.7854843132674514
[3938, 1905] -> 14621	0.6815421899096717
[3938, 14621] -> 1905	0.8402924910633768
[3860, 15107] -> 3938	0.7235929483091834
[3938, 15107] -> 3860	0.7662929986597821
[3938, 3860] -> 15107	0.773063620165601
[12155, 1905] -> 4432	0.7073056255328115
[4432, 1905] -> 12155	0.6507508460236886
[4432, 12155] -> 1905	0.8769312986164717
[1905, 3962] -> 4432	0.6622977360996152
[4432, 3962] -> 1905	0.88561177329117
[4432, 1905] -> 3962	0.6417001551043429
[1905, 15107] -> 5496	0.6186191565764724
[5496, 15107] -> 1905	0.8716583675623579
[5496, 1905] -> 15107	0.7436642880216133
[3860, 1905] -> 5496	0.6393138498442529
[5496, 1905] -> 3860	0.725261602012549
[5496, 3860] -> 1905	0.8453551787873946
[14454, 15107] -> 6037	0.8038894709271869
[6037, 15107] -> 14454	0.6592857782153405
[6037, 14454] -> 15107	0.8158288201481875
[3962, 15107] -> 6037	0.7926015244821498
[6037, 15107] -> 3962	0.6589098720128882
[6037, 3962] -> 15107	0.8291380883197621
[11283, 12470] -> 6287	0.736155516084468
[6287, 12470] -> 11283	0.6577151623084654
[6287, 11283] -> 12470	0.6468904998092331
[11283, 4656] -> 6287	0.7778410949652284
[6287, 4656] -> 11283	0.7906400506291096
[6287, 11283] -> 4656	0.639147098609136
[14313, 15205] -> 6287	0.6336244945312697
[6287, 15205] -> 14313	0.7313260494090706
[6287, 14313] -> 15205	0.6249761598739583
[15124, 11521] -> 6287	0.6861302855418505
[6287, 11521] -> 15124	0.8274764016831571
[6287, 15124] -> 11521	0.5602353049879114
[15124, 16879] -> 6287	0.7398258696600689
[6287, 16879] -> 15124	0.7694695696118977
[6287, 15124] -> 16879	0.5744567811879205
[15124, 2452] -> 6287	0.6902097244427725
[6287, 2452] -> 15124	0.8258408633125907
[6287, 15124] -> 2452	0.5650861604324191
[15124, 6037] -> 6287	0.7001950137656776
[6287, 6037] -> 15124	0.7989572084601372
[6287, 15124] -> 6037	0.5639773934736745
[15124, 7624] -> 6287	0.7176899503328754
[6287, 7624] -> 15124	0.8040370556722999
[6287, 15124] -> 7624	0.6275159000261793
[16377, 1905] -> 6287	0.6869167652415554
[6287, 1905] -> 16377	0.6668337495215354
[6287, 16377] -> 1905	0.6675029192818566
[16377, 7617] -> 6287	0.8613632848287268
[6287, 7617] -> 16377	0.6322652203910883
[6287, 16377] -> 7617	0.6604419062910524
[1905, 5317] -> 6287	0.7099711787643198
[6287, 5317] -> 1905	0.6045827346537513
[6287, 1905] -> 5317	0.80146911397481
[5317, 571] -> 6287	0.7292235042014305
[6287, 571] -> 5317	0.7760896190556634
[6287, 5317] -> 571	0.5053313992258986
[6037, 5317] -> 6287	0.7234289957885068
[6287, 5317] -> 6037	0.5089750376394724
[6287, 6037] -> 5317	0.8075635110223939
[6386, 5317] -> 6287	0.713425020768127
[6287, 5317] -> 6386	0.584501474642339
[6287, 6386] -> 5317	0.853735929388374
[15124, 12470] -> 6692	0.548203525998661
[6692, 12470] -> 15124	0.8402791238612134
[6692, 15124] -> 12470	0.7575632973200793
[1905, 4306] -> 6971	0.6676177947416205
[6971, 4306] -> 1905	0.8357959685463108
[6971, 1905] -> 4306	0.750658847303674
[13651, 5317] -> 6972	0.7458494104248279
[6972, 5317] -> 13651	0.585171776305654
[6972, 13651] -> 5317	0.8104875706817454
[14313, 4996] -> 6972	0.7733236558539446
[6972, 4996] -> 14313	0.7723462389174923
[6972, 14313] -> 4996	0.6911101871101871
[14313, 5317] -> 6972	0.6616715050905672
[6972, 5317] -> 14313	0.7479201971961177
[6972, 14313] -> 5317	0.8074428274428275
[14313, 9340] -> 6972	0.7231437283481535
[6972, 9340] -> 14313	0.79900866973003
[6972, 14313] -> 9340	0.7533804573804573
[15205, 2152] -> 6972	0.7474843383938984
[6972, 2152] -> 15205	0.7464827927398657
[6972, 15205] -> 2152	0.6247606231561513
[12470, 15205] -> 7234	0.64078645475708
[7234, 15205] -> 12470	0.7984224364592463
[7234, 12470] -> 15205	0.7537305347346026
[6972, 14313] -> 7234	0.6740706860706861
[7234, 14313] -> 6972	0.6774056059770346
[7234, 6972] -> 14313	0.8551850015298103
[11283, 1905] -> 8387	0.6008268639651358
[8387, 1905] -> 11283	0.7578034380061655
[8387, 11283] -> 1905	0.8753032625620104
[1905, 15107] -> 8644	0.717431132897426
[8644, 15107] -> 1905	0.8601175368034675
[8644, 1905] -> 15107	0.8131702814951546
[1905, 6206] -> 8644	0.7479716630066248
[8644, 6206] -> 1905	0.8499947791584003
[8644, 1905] -> 6206	0.7513059529303184
[6206, 15107] -> 8644	0.7776569160664413
[8644, 15107] -> 6206	0.774688586043969
[8644, 6206] -> 15107	0.8286102119661689
