[16954, 11781] -> 10042	0.8522152383872451
[10042, 11781] -> 16954	0.9198956211812626
[10042, 16954] -> 11781	0.7575077829372857
[1905, 11521] -> 11064	0.629160155600625
[11064, 11521] -> 1905	0.8592591751711298
[11064, 1905] -> 11521	0.7447313012849525
[2452, 1905] -> 11064	0.6371831220813876
[11064, 1905] -> 2452	0.7517955882642319
[11064, 2452] -> 1905	0.8565295370474162
[2452, 1905] -> 11089	0.6522264843228819
[11089, 1905] -> 2452	0.7798261181678597
[11089, 2452] -> 1905	0.8842349217116047
[10042, 16954] -> 11283	0.8026330960891395
[11283, 16954] -> 10042	0.7781944571480838
[11283, 10042] -> 16954	0.8431646754390795
[10042, 1905] -> 11283	0.8170400543109301
[11283, 1905] -> 10042	0.6381600205473209
[11283, 10042] -> 1905	0.8481418267907284
[11089, 1905] -> 11283	0.7719894713753016
[11283, 1905] -> 11089	0.641515530626279
[11283, 11089] -> 1905	0.8441612245565452
[14313, 5317] -> 11283	0.5878139864524131
[11283, 5317] -> 14313	0.69515005963702
[11283, 14313] -> 5317	0.7772861622751684
[14313, 9340] -> 11283	0.5945577036670444
[11283, 9340] -> 14313	0.7795803024752734
[11283, 14313] -> 9340	0.6712053490970695
[14550, 14313] -> 11283	0.8189522773897738
[11283, 14313] -> 14550	0.6583011930937533
[11283, 14550] -> 14313	0.6843180051146104
[14550, 5317] -> 11283	0.8136959245651665
[11283, 5317] -> 14550	0.6175574610747557
[11283, 14550] -> 5317	0.7178158927617959
[15124, 14621] -> 11283	0.8101270005617545
[11283, 14621] -> 15124	0.7705661721565669
[11283, 15124] -> 14621	0.6085823272901789
[15124, 15107] -> 11283	0.7656915807161357
[11283, 15107] -> 15124	0.7669946249558279
[11283, 15124] -> 15107	0.6824654745848261
[15124, 6972] -> 11283	0.6268594063637682
[11283, 6972] -> 15124	0.8365553065797515
[11283, 15124] -> 6972	0.6796107667993347
[15205, 1905] -> 11283	0.6889236776837698
[11283, 1905] -> 15205	0.6489970753208447
[11283, 15205] -> 1905	0.7821311606358335
[16377, 16879] -> 11283	0.7974403150381492
[11283, 16879] -> 16377	0.7305166160180374
[11283, 16377] -> 16879	0.6347746090156394
[16954, 15107] -> 11283	0.8220850495761213
[11283, 15107] -> 16954	0.6700206446333252
[11283, 16954] -> 15107	0.7322377714767727
[16954, 1905] -> 11283	0.7925652305973878
[11283, 1905] -> 16954	0.6701906426837453
[11283, 16954] -> 1905	0.8220779088793359
[1905, 571] -> 11283	0.7749458379471378
[11283, 571] -> 1905	0.7718171007710307
[11283, 1905] -> 571	0.6668102769745726
[2452, 11521] -> 11283	0.7159533073929961
[11283, 11521] -> 2452	0.894398530762167
[11283, 2452] -> 11521	0.8773486072355215
[2452, 14410] -> 11283	0.7783586752759841
[11283, 14410] -> 2452	0.7983976070932594
[11283, 2452] -> 14410	0.7317569882997994
[2452, 571] -> 11283	0.7952345823102586
[11283, 571] -> 2452	0.6926234224557903
[11283, 2452] -> 571	0.7071425074656092
[2862, 11064] -> 11283	0.8042869737712145
[11283, 11064] -> 2862	0.7237163086809068
[11283, 2862] -> 11064	0.7411194833153929
[3860, 15107] -> 11283	0.7539658403068682
[11283, 15107] -> 3860	0.7146948871984674
[11283, 3860] -> 15107	0.7570405539849683
[3860, 6037] -> 11283	0.7433594944450107
[11283, 6037] -> 3860	0.7190349899930001
[11283, 3860] -> 6037	0.71839754134694
[4306, 15107] -> 11283	0.8345750171178629
[11283, 15107] -> 4306	0.7594249260698941
[11283, 4306] -> 15107	0.7283884548146562
[6037, 1905] -> 11283	0.7229512879538924
[11283, 1905] -> 6037	0.7129423266526922
[11283, 6037] -> 1905	0.8483766969998717
[6206, 4306] -> 11283	0.8440435796228333
[11283, 4306] -> 6206	0.6522976203218096
[11283, 6206] -> 4306	0.7538707349757757
[6972, 5317] -> 11283	0.6079186566014482
[11283, 5317] -> 6972	0.6360207601302343
[11283, 6972] -> 5317	0.8038297005500101
[7624, 16879] -> 11283	0.787956515095287
[11283, 16879] -> 7624	0.7076855210273502
[11283, 7624] -> 16879	0.7084077483170764
[1905, 5317] -> 1145	0.5911986243309355
[1145, 5317] -> 1905	0.6248560092154102
[1145, 1905] -> 5317	0.88084584295612
[1905, 2372] -> 12155	0.7527871934087249
[12155, 2372] -> 1905	0.8426077224398432
[12155, 1905] -> 2372	0.7211467542792555
[1905, 6206] -> 12155	0.6629698712706623
[12155, 6206] -> 1905	0.895876531866549
[12155, 1905] -> 6206	0.6911273096485597
[11283, 15124] -> 12317	0.6415976434180367
[12317, 15124] -> 11283	0.6205502913118637
[12317, 11283] -> 15124	0.8313212968522171
[15124, 14367] -> 12317	0.7403399260440343
[12317, 14367] -> 15124	0.7937873400685648
[12317, 15124] -> 14367	0.6986042640373904
[15124, 4996] -> 12317	0.7266435077833099
[12317, 4996] -> 15124	0.7998516706317483
[12317, 15124] -> 4996	0.6645992060951406
[15124, 5317] -> 12317	0.6298875166131803
[12317, 5317] -> 15124	0.7896246810032347
[12317, 15124] -> 5317	0.7775545809590884
[15124, 7234] -> 12317	0.7317332261491201
[12317, 7234] -> 15124	0.7823217647540313
[12317, 15124] -> 7234	0.6119229784237147
[15124, 9340] -> 12317	0.6829834962345779
[12317, 9340] -> 15124	0.7903397765725676
[12317, 15124] -> 9340	0.6822619886036239
[16377, 6972] -> 12317	0.7374895405537977
[12317, 6972] -> 16377	0.6738759798924315
[12317, 16377] -> 6972	0.7693133477807208
[16384, 12470] -> 12317	0.7851285509200852
[12317, 12470] -> 16384	0.599627885342171
[12317, 16384] -> 12470	0.7978404783218948
[5317, 11677] -> 12317	0.7353098472399141
[12317, 11677] -> 5317	0.8090469465485515
[12317, 5317] -> 11677	0.6145868890297622
[5317, 9340] -> 12317	0.672341885555259
[12317, 9340] -> 5317	0.8175126315301534
[12317, 5317] -> 9340	0.7166739812421774
[6287, 6972] -> 12317	0.715005325120175
[12317, 6972] -> 6287	0.6549020986395754
[12317, 6287] -> 6972	0.7162836298624528
[15205, 4996] -> 12470	0.794488513058445
[12470, 4996] -> 15205	0.7767240669782074
[12470, 15205] -> 4996	0.7112089899683476
[15205, 5317] -> 12470	0.7518954147545408
[12470, 5317] -> 15205	0.7033846331450175
[12470, 15205] -> 5317	0.816323625462645
[15205, 9340] -> 12470	0.7828939954751524
[12470, 9340] -> 15205	0.7551841198702298
[12470, 15205] -> 9340	0.756284436703455
[16954, 5317] -> 12470	0.7509840520701361
[12470, 5317] -> 16954	0.5602646521930489
[12470, 16954] -> 5317	0.8257757832273434
[12470, 6972] -> 12911	0.5891657266172936
[12911, 6972] -> 12470	0.7899149533119986
[12911, 12470] -> 6972	0.7638623934884904
[14367, 5317] -> 12911	0.6015826752692458
[12911, 5317] -> 14367	0.6471402667238345
[12911, 14367] -> 5317	0.8450421657938016
[16377, 5317] -> 12911	0.5776561990568813
[12911, 5317] -> 16377	0.6488731677251655
[12911, 16377] -> 5317	0.8194431910477394
[6287, 15124] -> 12911	0.559064939864792
[12911, 15124] -> 6287	0.6932610231634426
[12911, 6287] -> 15124	0.7745762169427879
[11283, 11064] -> 13728	0.7306876103210964
[13728, 11064] -> 11283	0.8068327402135232
[13728, 11283] -> 11064	0.6687844902701133
[11283, 2452] -> 13728	0.7749351348705146
[13728, 2452] -> 11283	0.8111836508798721
[13728, 11283] -> 2452	0.7183778681382516
[11283, 6037] -> 13728	0.7551784992457777
[13728, 6037] -> 11283	0.8102501718940075
[13728, 11283] -> 6037	0.6952240052279988
[11283, 7624] -> 13728	0.7347555590446098
[13728, 7624] -> 11283	0.8154117570187093
[13728, 11283] -> 7624	0.6796035434214348
[14240, 1905] -> 13728	0.7150774820197228
[13728, 1905] -> 14240	0.6950372499031593
[13728, 14240] -> 1905	0.8940622972096042
[14313, 1905] -> 13728	0.7316128914718796
[13728, 1905] -> 14313	0.7235129316169251
[13728, 14313] -> 1905	0.7776583589922346
[14550, 1905] -> 13728	0.7574900513064793
[13728, 1905] -> 14550	0.6876142945940347
[13728, 14550] -> 1905	0.8336700925086556
[15124, 571] -> 13728	0.7010122433240144
[13728, 571] -> 15124	0.7888650220226084
[13728, 15124] -> 571	0.6632069534762821
[16377, 2782] -> 13728	0.7917501935702845
[13728, 2782] -> 16377	0.7517094146199007
[13728, 16377] -> 2782	0.7498970294244699
[16377, 4306] -> 13728	0.7074007423236981
[13728, 4306] -> 16377	0.7731328300263263
[13728, 16377] -> 4306	0.7582049968355383
[1905, 11521] -> 13728	0.7034195564717225
[13728, 11521] -> 1905	0.8792598287756629
[13728, 1905] -> 11521	0.7623573288171016
[2782, 4306] -> 13728	0.8146337754315074
[13728, 4306] -> 2782	0.7682363425902214
[13728, 2782] -> 4306	0.7552239106572812
[6037, 15107] -> 13728	0.7030878009487157
[13728, 15107] -> 6037	0.7920788085947346
[13728, 6037] -> 15107	0.8309726556301898
[6037, 2452] -> 13728	0.7425944026650176
[13728, 2452] -> 6037	0.763075094034088
[13728, 6037] -> 2452	0.7875813190881684
[11521, 4306] -> 14240	0.8427763272410792
[14240, 4306] -> 11521	0.9254440980061882
[14240, 11521] -> 4306	0.6780925037638739
[14410, 11521] -> 14240	0.8357481769257714
[14240, 11521] -> 14410	0.6891828017226288
[14240, 14410] -> 11521	0.9320950385339347
[2452, 3962] -> 14240	0.8298076198473447
[14240, 3962] -> 2452	0.9144077347410877
[14240, 2452] -> 3962	0.6936645068394529
[2782, 11521] -> 14240	0.8410730825967134
[14240, 11521] -> 2782	0.6438062392773363
[14240, 2782] -> 11521	0.9256471891163995
[3624, 11521] -> 14240	0.8432687163492731
[14240, 11521] -> 3624	0.6484541857778089
[14240, 3624] -> 11521	0.8945912982574777
[6037, 15107] -> 14240	0.6681016736776157
[14240, 15107] -> 6037	0.8138485188779016
[14240, 6037] -> 15107	0.8315546742714554
[6037, 2452] -> 14240	0.8161117871177516
[14240, 2452] -> 6037	0.7363660907127431
[14240, 6037] -> 2452	0.9115163532661974
[13651, 5317] -> 14313	0.7736149156136786
[14313, 5317] -> 13651	0.5369628327268268
[14313, 13651] -> 5317	0.7994947035188117
[13651, 9340] -> 14313	0.8259527417634844
[14313, 9340] -> 13651	0.5873337696961957
[14313, 13651] -> 9340	0.7465806242136451
[15205, 2152] -> 14313	0.7777548429711125
[14313, 2152] -> 15205	0.6710985644569515
[14313, 15205] -> 2152	0.6335404248879772
[5317, 15107] -> 14313	0.7022608728107417
[14313, 15107] -> 5317	0.7857717083764003
[14313, 5317] -> 15107	0.5128865628109198
[2782, 4306] -> 14550	0.7831763721880057
[14550, 4306] -> 2782	0.7333197721724979
[14550, 2782] -> 4306	0.8018149264354265
[2452, 11521] -> 14621	0.6152813621073995
[14621, 11521] -> 2452	0.9184347680894964
[14621, 2452] -> 11521	0.8981886466752977
[11521, 4306] -> 14691	0.8049934725848564
[14691, 4306] -> 11521	0.7747356297769868
[14691, 11521] -> 4306	0.7451736674085339
[14313, 1905] -> 14691	0.6658893403049793
[14691, 1905] -> 14313	0.6831839549902335
[14691, 14313] -> 1905	0.8159574943072734
[14410, 15107] -> 14691	0.767133794933455
[14691, 15107] -> 14410	0.7642739861829674
[14691, 14410] -> 15107	0.8207192521374631
[14550, 1905] -> 14691	0.7276588565701072
[14691, 1905] -> 14550	0.6852774324993691
[14691, 14550] -> 1905	0.8411030558869413
[15124, 16377] -> 14691	0.623730638824153
[14691, 16377] -> 15124	0.8248239338681146
[14691, 15124] -> 16377	0.6929375257038173
[1905, 11521] -> 14691	0.7163280912325032
[14691, 11521] -> 1905	0.8678838658999588
[14691, 1905] -> 11521	0.8054280881129731
[1905, 3962] -> 14691	0.6877472872306558
[14691, 3962] -> 1905	0.8892508526402445
[14691, 1905] -> 3962	0.7066701557958485
[6037, 15107] -> 14691	0.6924818759509532
[14691, 15107] -> 6037	0.7989817941489308
[14691, 6037] -> 15107	0.8366512754522747
[11064, 1905] -> 15124	0.7618803990633424
[15124, 1905] -> 11064	0.6175661341903994
[15124, 11064] -> 1905	0.7585740735298439
[1145, 5317] -> 15124	0.726874013396476
[15124, 5317] -> 1145	0.55227722130377
[15124, 1145] -> 5317	0.8885481532475931
[12155, 1905] -> 15124	0.7390109100661884
[15124, 1905] -> 12155	0.6153011827193773
[15124, 12155] -> 1905	0.8516613312727674
[12470, 11521] -> 15124	0.8731605693504493
[15124, 11521] -> 12470	0.6837633435177851
[15124, 12470] -> 11521	0.5393810905303876
[12470, 16879] -> 15124	0.8494178796601676
[15124, 16879] -> 12470	0.7227599063900678
[15124, 12470] -> 16879	0.5421855240645689
[12918, 1905] -> 15124	0.8609700054610462
[15124, 1905] -> 12918	0.6663901937171521
[15124, 12918] -> 1905	0.748680638311217
[14454, 1905] -> 15124	0.7240990883490048
[15124, 1905] -> 14454	0.6049414222938216
[15124, 14454] -> 1905	0.8308651170942232
[15205, 7624] -> 15124	0.8221378930941179
[15124, 7624] -> 15205	0.6448536404945576
[15124, 15205] -> 7624	0.5705792516635758
[16377, 6972] -> 15124	0.8102680503592279
[15124, 6972] -> 16377	0.6429863459087336
[15124, 16377] -> 6972	0.708789405934763
[16954, 2452] -> 15124	0.8184450051818142
[15124, 2452] -> 16954	0.6832972820464591
[15124, 16954] -> 2452	0.6777265773665162
[1905, 2152] -> 15124	0.7963518266806396
[15124, 2152] -> 1905	0.686917686228531
[15124, 1905] -> 2152	0.6120951598625078
[1905, 4306] -> 15124	0.7791869707806044
[15124, 4306] -> 1905	0.7831045976797453
[15124, 1905] -> 4306	0.6707685682157126
[2452, 15107] -> 15124	0.7674595913388228
[15124, 15107] -> 2452	0.7475885886164673
[15124, 2452] -> 15107	0.7573403554970375
[2452, 5317] -> 15124	0.8142697201017812
[15124, 5317] -> 2452	0.5186683522966709
[15124, 2452] -> 5317	0.7523934919589955
[2782, 5317] -> 15124	0.7993717099677364
[15124, 5317] -> 2782	0.4883140458361697
[15124, 2782] -> 5317	0.7657895807068201
[4306, 571] -> 15124	0.7693223112395605
[15124, 571] -> 4306	0.6980044345898004
[15124, 4306] -> 571	0.6741401463659895
[6037, 15205] -> 15124	0.7511400584855115
[15124, 15205] -> 6037	0.572418145833658
[15124, 6037] -> 15205	0.7022694249005812
[6037, 4306] -> 15124	0.7884895451308055
[15124, 4306] -> 6037	0.6906202864006258
[15124, 6037] -> 4306	0.7090662282043438
[6971, 1905] -> 15124	0.7829085113696733
[15124, 1905] -> 6971	0.599414621697278
[15124, 6971] -> 1905	0.8159366009878956
[7234, 14313] -> 15124	0.7285764428621571
[15124, 14313] -> 7234	0.6282518772610005
[15124, 7234] -> 14313	0.834314260285378
[7234, 5317] -> 15124	0.7372427965697538
[15124, 5317] -> 7234	0.5512269441472981
[15124, 7234] -> 5317	0.8136812992257855
[7234, 9340] -> 15124	0.7654673653929329
[15124, 9340] -> 7234	0.609693959301394
[15124, 7234] -> 9340	0.7282975893122028
[7624, 15107] -> 15124	0.8224975103689031
[15124, 15107] -> 7624	0.6977450170353797
[15124, 7624] -> 15107	0.6618672725351368
[1905, 2372] -> 15205	0.7248802631710511
[15205, 2372] -> 1905	0.8079979492437837
[15205, 1905] -> 2372	0.6375965242475946
[13050, 14538] -> 15582	0.823744440608436
[15582, 14538] -> 13050	0.7172957726553313
[15582, 13050] -> 14538	0.7636206182461689
[15124, 1145] -> 15582	0.7650488677493714
[15582, 1145] -> 15124	0.6996527777777778
[15582, 15124] -> 1145	0.6663638263271221
[15124, 12470] -> 15582	0.5793349698727963
[15582, 12470] -> 15124	0.7923169267707083
[15582, 15124] -> 12470	0.7075561693119771
[16242, 15124] -> 15582	0.5624026860495149
[15582, 15124] -> 16242	0.6924202091415386
[15582, 16242] -> 15124	0.8018559239113281
[16377, 5317] -> 15582	0.6290585512870467
[15582, 5317] -> 16377	0.5975766366012479
[15582, 16377] -> 5317	0.829359837285861
[1905, 6206] -> 15582	0.6738948664467579
[15582, 6206] -> 1905	0.8073400554797235
[15582, 1905] -> 6206	0.724974052290812
[5317, 14538] -> 15582	0.8098919580511944
[15582, 14538] -> 5317	0.8132576460914083
[15582, 5317] -> 14538	0.6948057834383357
[6287, 16377] -> 15582	0.715123704568676
[15582, 16377] -> 6287	0.8218426956868172
[15582, 6287] -> 16377	0.6094288135461451
[6287, 1905] -> 15582	0.7039717113537356
[15582, 1905] -> 6287	0.7635447041961152
[15582, 6287] -> 1905	0.6005271055066199
[6287, 7617] -> 15582	0.7473908524816376
[15582, 7617] -> 6287	0.8786139630390143
[15582, 6287] -> 7617	0.6653113265488583
[11283, 14313] -> 16242	0.6662221100818225
[16242, 14313] -> 11283	0.5843225898234355
[16242, 11283] -> 14313	0.7597887077878035
[11283, 6972] -> 16242	0.7418517009574253
[16242, 6972] -> 11283	0.5949356749030019
[16242, 11283] -> 6972	0.7485149939366534
[1145, 5317] -> 16242	0.6371858867699134
[16242, 5317] -> 1145	0.5444808201299317
[16242, 1145] -> 5317	0.9047567122225455
[12317, 16384] -> 16242	0.8124178022390945
[16242, 16384] -> 12317	0.8090735991723257
[16242, 12317] -> 16384	0.5904512522289513
[12317, 4996] -> 16242	0.8674860098436763
[16242, 4996] -> 12317	0.771646189962131
[16242, 12317] -> 4996	0.7234252759080467
[12317, 5317] -> 16242	0.8090570699435965
[16242, 5317] -> 12317	0.7258383218251683
[16242, 12317] -> 5317	0.7995951742196662
[12317, 7234] -> 16242	0.8345850045019235
[16242, 7234] -> 12317	0.7933724334471322
[16242, 12317] -> 7234	0.6551832157946312
[12317, 9340] -> 16242	0.83451536643026
[16242, 9340] -> 12317	0.754583329840474
[16242, 12317] -> 9340	0.7230236630307313
[12470, 7624] -> 16242	0.764747155816168
[16242, 7624] -> 12470	0.7945905975962841
[16242, 12470] -> 7624	0.5847883739824936
[12911, 6972] -> 16242	0.793345315856385
[16242, 6972] -> 12911	0.5912844598733918
[16242, 12911] -> 6972	0.75438742757097
[14313, 4996] -> 16242	0.841847654141775
[16242, 4996] -> 14313	0.775116091776761
[16242, 14313] -> 4996	0.7150309027393578
[14313, 5317] -> 16242	0.701496504068365
[16242, 5317] -> 14313	0.7505632560208241
[16242, 14313] -> 5317	0.813579817586899
[14313, 9340] -> 16242	0.7619853445936237
[16242, 9340] -> 14313	0.8002280138484881
[16242, 14313] -> 9340	0.7544694371117397
[15124, 15107] -> 16242	0.6870317591466528
[16242, 15107] -> 15124	0.8499483174457333
[16242, 15124] -> 15107	0.546101907537911
[15124, 6972] -> 16242	0.7481968814635598
[16242, 6972] -> 15124	0.8007433122319787
[16242, 15124] -> 6972	0.7233959340294432
[16384, 5317] -> 16242	0.7358855183485784
[16242, 5317] -> 16384	0.5414257486383423
[16242, 16384] -> 5317	0.8172843039061382
[3427, 12470] -> 16242	0.8074563115216166
[16242, 12470] -> 3427	0.5708996980056107
[16242, 3427] -> 12470	0.8231984969053936
[6287, 12470] -> 16242	0.753768977130464
[16242, 12470] -> 6287	0.6553201600416967
[16242, 6287] -> 12470	0.7804167845700255
[6972, 11677] -> 16242	0.8241146511903352
[16242, 11677] -> 6972	0.7817258883248732
[16242, 6972] -> 11677	0.6251827649581376
[6972, 15205] -> 16242	0.7955764884495281
[16242, 15205] -> 6972	0.7747257362700133
[16242, 6972] -> 15205	0.7533428629773331
[6972, 4996] -> 16242	0.8424378729019907
[16242, 4996] -> 6972	0.776641135043438
[16242, 6972] -> 4996	0.7404370022462732
[6972, 5317] -> 16242	0.7711523648128178
[16242, 5317] -> 6972	0.7299433462876143
[16242, 6972] -> 5317	0.817733306105779
[6972, 9340] -> 16242	0.7967684749918419
[16242, 9340] -> 6972	0.7573077600154244
[16242, 6972] -> 9340	0.7379211762303451
[7234, 12470] -> 16242	0.8354230894244881
[16242, 12470] -> 7234	0.6501157389664741
[16242, 7234] -> 12470	0.8249734955696265
[7234, 4996] -> 16242	0.859598885918502
[16242, 4996] -> 7234	0.6584160112407683
[16242, 7234] -> 4996	0.7474638421211325
[7234, 5317] -> 16242	0.7443009876264881
[16242, 5317] -> 7234	0.6258740493915377
[16242, 7234] -> 5317	0.8348944199663467
[7234, 9340] -> 16242	0.8036693187418903
[16242, 9340] -> 7234	0.669790679933943
[16242, 7234] -> 9340	0.7771390777430869
[12470, 15205] -> 16377	0.6434827753680227
[16377, 15205] -> 12470	0.7376484252762127
[16377, 12470] -> 15205	0.7224677058458531
[14313, 5317] -> 16377	0.6372136130078642
[16377, 5317] -> 14313	0.7435687418988015
[16377, 14313] -> 5317	0.7788986163983039
[14313, 9340] -> 16377	0.6568751097559028
[16377, 9340] -> 14313	0.8061125532644365
[16377, 14313] -> 9340	0.6854867595731743
[14367, 5317] -> 16377	0.6309360702156457
[16377, 5317] -> 14367	0.6042241536981224
[16377, 14367] -> 5317	0.8261087010883156
[15205, 1905] -> 16377	0.6350899720321542
[16377, 1905] -> 15205	0.677922980153589
[16377, 15205] -> 1905	0.6931568388415869
[2452, 11521] -> 16377	0.6238624469674574
[16377, 11521] -> 2452	0.8877292313289449
[16377, 2452] -> 11521	0.8717914363869816
[5317, 9340] -> 16377	0.6336319621821509
[16377, 9340] -> 5317	0.8140667091149533
[16377, 5317] -> 9340	0.6608510333749492
[6972, 15205] -> 16377	0.647818435898763
[16377, 15205] -> 6972	0.7208788888142297
[16377, 6972] -> 15205	0.7222932876804555
[15124, 5317] -> 16384	0.5104217316606697
[16384, 5317] -> 15124	0.7802233739978396
[16384, 15124] -> 5317	0.7809896039996825
[11781, 1905] -> 16954	0.8535725273945046
[16954, 1905] -> 11781	0.7067538040975495
[16954, 11781] -> 1905	0.8506232384815859
[1905, 4306] -> 16954	0.6935854440347594
[16954, 4306] -> 1905	0.8347121259421131
[16954, 1905] -> 4306	0.7335515035126052
[16377, 4306] -> 17157	0.6801634611779702
[17157, 4306] -> 16377	0.8032765109586008
[17157, 16377] -> 4306	0.7785514274372646
[5317, 11521] -> 1905	0.8457953456117808
[1905, 11521] -> 5317	0.6893722778202613
[1905, 5317] -> 11521	0.6695649365852083
[5317, 16879] -> 1905	0.7201672880787517
[1905, 16879] -> 5317	0.775939210372496
[1905, 5317] -> 16879	0.5894386721241331
[6206, 15107] -> 1905	0.8529276299671714
[1905, 15107] -> 6206	0.7087184164027067
[1905, 6206] -> 15107	0.7997298613472017
[15124, 5317] -> 1962	0.47193750202599766
[1962, 5317] -> 15124	0.7302475823602584
[1962, 15124] -> 5317	0.819235617178356
[6037, 1905] -> 1962	0.6314166652664124
[1962, 1905] -> 6037	0.7389072961626569
[1962, 6037] -> 1905	0.8638902938066119
[5317, 16879] -> 2152	0.7196741038843187
[2152, 16879] -> 5317	0.8614981344164738
[2152, 5317] -> 16879	0.5431670475779256
[11521, 571] -> 2452	0.8873495677721905
[2452, 571] -> 11521	0.864623820482047
[2452, 11521] -> 571	0.6274099345632356
[14454, 11521] -> 2452	0.8874177391460593
[2452, 11521] -> 14454	0.6313649038423126
[2452, 14454] -> 11521	0.8934580073266699
[2782, 1905] -> 2452	0.7774211180124223
[2452, 1905] -> 2782	0.6523348899266177
[2452, 2782] -> 1905	0.8786010310320429
[1905, 5317] -> 2782	0.5947508214455827
[2782, 5317] -> 1905	0.7818602479198505
[2782, 1905] -> 5317	0.7321242236024844
[14313, 5317] -> 3427	0.5257867549849395
[3427, 5317] -> 14313	0.7438634040994196
[3427, 14313] -> 5317	0.8324701668069312
[15124, 12918] -> 3427	0.6744559033035563
[3427, 12918] -> 15124	0.8996964119236011
[3427, 15124] -> 12918	0.6466005239874587
[15124, 14313] -> 3427	0.6107331767147572
[3427, 14313] -> 15124	0.9144062493256512
[3427, 15124] -> 14313	0.7279903792466607
[15124, 6972] -> 3427	0.6374148050342306
[3427, 6972] -> 15124	0.9391417776178481
[3427, 15124] -> 6972	0.717398960615041
[3860, 1905] -> 3624	0.6467690024419076
[3624, 1905] -> 3860	0.7112452199986715
[3624, 3860] -> 1905	0.8784867094838498
[14313, 1905] -> 3860	0.6847091402648983
[3860, 1905] -> 14313	0.648581018698282
[3860, 14313] -> 1905	0.8040434294271808
[1905, 11521] -> 3860	0.6937277654021344
[3860, 11521] -> 1905	0.8878829787234042
[3860, 1905] -> 11521	0.7201556608250713
[1905, 4306] -> 3860	0.712679031331641
[3860, 4306] -> 1905	0.8552972438099685
[3860, 1905] -> 4306	0.6637846979541473
[6037, 15107] -> 3860	0.7273427011545691
[3860, 15107] -> 6037	0.7972491734766955
[3860, 6037] -> 15107	0.828315156457038
[6037, 1905] -> 3860	0.7164989162031825
[3860, 1905] -> 6037	0.7358684303624895
[3860, 6037] -> 1905	0.8692488023646927
[2452, 11521] -> 3925	0.5814044535351034
[3925, 11521] -> 2452	0.8958046090210755
[3925, 2452] -> 11521	0.9200308497591443
[10947, 1905] -> 3938	0.7806537418793801
[3938, 1905] -> 10947	0.6724388631857238
[3938, 10947] -> 1905	0.8366409368010176
[15124, 5317] -> 3938	0.49967259878764303
[3938, 5317] -> 15124	0.7739085030324938
[3938, 15124] -> 5317	0.7821154216940828
[1905, 2372] -> 3938	0.7289398166201717
[3938, 2372] -> 1905	0.84959444340854
[3938, 1905] -> 2372	0.6424498788279357
[1905, 6206] -> 3938	0.7089393841941323
[3938, 6206] -> 1905	0.871799507355766
[3938, 1905] -> 6206	0.6799383124036131
[2452, 15107] -> 3938	0.6948955474229948
[3938, 15107] -> 2452	0.7575244407966505
[3938, 2452] -> 15107	0.7932677662213325
[4432, 1905] -> 3938	0.6657765792442188
[3938, 1905] -> 4432	0.6657589777484028
[3938, 4432] -> 1905	0.8685060642639536
[8644, 1905] -> 3938	0.6919335486848177
[3938, 1905] -> 8644	0.6606829698171403
[3938, 8644] -> 1905	0.8831754782772594
[14313, 5317] -> 5496	0.49587030298074175
[5496, 5317] -> 14313	0.7297590035201733
[5496, 14313] -> 5317	0.795254592946371
[15205, 1905] -> 5496	0.6980703945401135
[5496, 1905] -> 15205	0.7769457414422615
[5496, 15205] -> 1905	0.7164637173573563
[2452, 11521] -> 5496	0.5996292715665674
[5496, 11521] -> 2452	0.8860671318433512
[5496, 2452] -> 11521	0.8951455152671756
[1905, 15107] -> 6037	0.7767020332386062
[6037, 15107] -> 1905	0.8537187863599749
[6037, 1905] -> 15107	0.8013879320484599
[1905, 2372] -> 6037	0.8622051574326823
[6037, 2372] -> 1905	0.8350279859779598
[6037, 1905] -> 2372	0.7244635625829651
[1905, 6206] -> 6037	0.7624801301075961
[6037, 6206] -> 1905	0.8592863355838132
[6037, 1905] -> 6206	0.697183808579638
[2372, 15107] -> 6037	0.8996428767650129
[6037, 15107] -> 2372	0.7327664906470956
[6037, 2372] -> 15107	0.792826293262061
[6206, 15107] -> 6037	0.7952079964721447
[6037, 15107] -> 6206	0.7262776335809541
[6037, 6206] -> 15107	0.8402746137596819
[11283, 571] -> 6287	0.7036710268901761
[6287, 571] -> 11283	0.7747275952360843
[6287, 11283] -> 571	0.6362595817002533
[1145, 5317] -> 6287	0.8238150091727463
[6287, 5317] -> 1145	0.6637402979533752
[6287, 1145] -> 5317	0.875519161361699
[12470, 14367] -> 6287	0.6547048752226623
[6287, 14367] -> 12470	0.7909780405758342
[6287, 12470] -> 14367	0.6675189110080582
[15124, 16954] -> 6287	0.6757863512555501
[6287, 16954] -> 15124	0.8115401418153712
[6287, 15124] -> 16954	0.5578252768067512
[15124, 4996] -> 6287	0.6712984433380292
[6287, 4996] -> 15124	0.8110754006850763
[6287, 15124] -> 4996	0.590710996812295
[15124, 5317] -> 6287	0.6804304839703069
[6287, 5317] -> 15124	0.7215297781505441
[6287, 15124] -> 5317	0.8081140182022576
[15124, 9340] -> 6287	0.6465710623297549
[6287, 9340] -> 15124	0.7918853946916549
[6287, 15124] -> 9340	0.6214099819825369
[1905, 2152] -> 6287	0.7590296440021997
[6287, 2152] -> 1905	0.6537237940340656
[6287, 1905] -> 2152	0.6666879317572864
[1905, 4306] -> 6287	0.6978099349650738
[6287, 4306] -> 1905	0.7689158840342997
[6287, 1905] -> 4306	0.6864644660335745
[5317, 11149] -> 6287	0.8393037310314605
[6287, 11149] -> 5317	0.8618596619747789
[6287, 5317] -> 11149	0.566173285943118
[6386, 2152] -> 6287	0.7304704424315093
[6287, 2152] -> 6386	0.6478615216886203
[6287, 6386] -> 2152	0.7279765431230985
[7234, 5317] -> 6287	0.6846271905104616
[6287, 5317] -> 7234	0.5428058765700301
[6287, 7234] -> 5317	0.8406013116429606
[14313, 5317] -> 6386	0.5646645132272969
[6386, 5317] -> 14313	0.6952917187618001
[6386, 14313] -> 5317	0.8702318937993614
[6972, 5317] -> 6386	0.5921891850254198
[6386, 5317] -> 6972	0.6450957851191126
[6386, 6972] -> 5317	0.8744682303159906
[14313, 13651] -> 6972	0.7531352733471326
[6972, 13651] -> 14313	0.7919129414275045
[6972, 14313] -> 13651	0.6172640332640332
[14313, 2152] -> 6972	0.6871638228903216
[6972, 2152] -> 14313	0.7953062675860363
[6972, 14313] -> 2152	0.6416881496881497
[4996, 5317] -> 6972	0.7524597271787347
[6972, 5317] -> 4996	0.6951471267909414
[6972, 4996] -> 5317	0.8386832958495196
[4996, 9340] -> 6972	0.7817682465860918
[6972, 9340] -> 4996	0.7205136572502051
[6972, 4996] -> 9340	0.7592238062489546
[5317, 11677] -> 6972	0.7420872998123317
[6972, 11677] -> 5317	0.8217350575517104
[6972, 5317] -> 11677	0.5878678169773532
[12470, 6972] -> 7234	0.6338058103225596
[7234, 6972] -> 12470	0.818036989755547
[7234, 12470] -> 6972	0.7636983265535277
[2152, 5317] -> 7234	0.5902610793064685
[7234, 5317] -> 2152	0.6875059613100141
[7234, 2152] -> 5317	0.8807820484336814
[14410, 1905] -> 8387	0.6812774361422328
[8387, 1905] -> 14410	0.760614452165735
[8387, 14410] -> 1905	0.889925418755349
[6037, 1905] -> 8387	0.6605447549274948
[8387, 1905] -> 6037	0.8215894247348347
[8387, 6037] -> 1905	0.8748317032190585
[11521, 15107] -> 8644	0.7276222987355679
[8644, 15107] -> 11521	0.7241204264125893
[8644, 11521] -> 15107	0.8347325065832414
[1905, 3962] -> 8644	0.6684736636256969
[8644, 3962] -> 1905	0.8904693823151671
[8644, 1905] -> 3962	0.6783017997231195
[2452, 11521] -> 8644	0.6439409071660847
[8644, 11521] -> 2452	0.9069681078526253
[8644, 2452] -> 11521	0.8893535786012227
[4432, 6037] -> 8644	0.7317267810169358
[8644, 6037] -> 4432	0.7539514156066958
[8644, 4432] -> 6037	0.8198406040268456
