[1905, 15107] -> 10947	0.6063806398553852
[10947, 15107] -> 1905	0.8818848217140556
[10947, 1905] -> 15107	0.7618701723873343
[2452, 1905] -> 10947	0.60788859239493
[10947, 1905] -> 2452	0.7457977390147834
[10947, 2452] -> 1905	0.8977254534930976
[1905, 4306] -> 11064	0.6830056882399806
[11064, 4306] -> 1905	0.8021783126237677
[11064, 1905] -> 4306	0.7253684645506602
[6037, 1905] -> 11064	0.6196041201082116
[11064, 1905] -> 6037	0.7256045967059565
[11064, 6037] -> 1905	0.8489386683856709
[14621, 3962] -> 11089	0.8324031187685296
[11089, 3962] -> 14621	0.7927493418540625
[11089, 14621] -> 3962	0.8579382340147891
[1905, 11521] -> 11089	0.6385277787013333
[11089, 11521] -> 1905	0.890243478462412
[11089, 1905] -> 11521	0.7659175656543501
[1905, 4306] -> 11089	0.670989976098275
[11089, 4306] -> 1905	0.8640175599747099
[11089, 1905] -> 4306	0.7221280583860098
[3962, 15107] -> 11089	0.77936996684036
[11089, 15107] -> 3962	0.8249780624280618
[11089, 3962] -> 15107	0.7273869094270613
[11089, 14621] -> 11283	0.7916811657242279
[11283, 14621] -> 11089	0.7627503981225379
[11283, 11089] -> 14621	0.7937267642794064
[11521, 15107] -> 11283	0.7588063918071863
[11283, 15107] -> 11521	0.7193538787732252
[11283, 11521] -> 15107	0.7720984549047789
[14410, 11521] -> 11283	0.7737795751998217
[11283, 11521] -> 14410	0.7276021080368906
[11283, 14410] -> 11521	0.7787309048178613
[15124, 12918] -> 11283	0.7406435080236903
[11283, 12918] -> 15124	0.8606128122104343
[11283, 15124] -> 12918	0.6839797108884347
[15124, 14313] -> 11283	0.6171324387818342
[11283, 14313] -> 15124	0.7716991673575316
[11283, 15124] -> 14313	0.7086046684815437
[15124, 14550] -> 11283	0.8157112834263353
[11283, 14550] -> 15124	0.7380776184275852
[11283, 15124] -> 14550	0.6519656111143289
[15124, 2152] -> 11283	0.6842684662269201
[11283, 2152] -> 15124	0.7607590276326657
[11283, 15124] -> 2152	0.6326197942955492
[15124, 2782] -> 11283	0.8194619545325146
[11283, 2782] -> 15124	0.7634505361270034
[11283, 15124] -> 2782	0.666917660298048
[15124, 4306] -> 11283	0.7921267760376903
[11283, 4306] -> 15124	0.7588212208783761
[11283, 15124] -> 4306	0.703962665386875
[15205, 5317] -> 11283	0.5899116887123519
[11283, 5317] -> 15205	0.6163969569001643
[11283, 15205] -> 5317	0.7636891924275101
[16377, 12470] -> 11283	0.6976853505819529
[11283, 12470] -> 16377	0.7322873495164792
[11283, 16377] -> 12470	0.6321339739003033
[16377, 2862] -> 11283	0.8448197170241899
[11283, 2862] -> 16377	0.7518735909986393
[11283, 16377] -> 2862	0.6306858836757642
[16954, 5317] -> 11283	0.7107708972040349
[11283, 5317] -> 16954	0.5922842590503207
[11283, 16954] -> 5317	0.7469028527292498
[1905, 5317] -> 11283	0.7149926937763892
[11283, 5317] -> 1905	0.7137423036007866
[11283, 1905] -> 5317	0.7337713447724468
[2782, 15107] -> 11283	0.8504643755985657
[11283, 15107] -> 2782	0.7101939851581826
[11283, 2782] -> 15107	0.7233925662107378
[3962, 5317] -> 11283	0.7674837628326001
[11283, 5317] -> 3962	0.5904387350504496
[11283, 3962] -> 5317	0.7523670644293373
[4432, 1905] -> 11283	0.6938275521714607
[11283, 1905] -> 4432	0.6522945889293023
[11283, 4432] -> 1905	0.8450961239145135
[6037, 11521] -> 11283	0.7498480735729044
[11283, 11521] -> 6037	0.7389507725476104
[11283, 6037] -> 11521	0.7299095919313017
[6037, 5317] -> 11283	0.7354967314513527
[11283, 5317] -> 6037	0.6066052029270493
[11283, 6037] -> 5317	0.7420954559346932
[7624, 4306] -> 11283	0.8382029284944305
[11283, 4306] -> 7624	0.6658014913125692
[11283, 7624] -> 4306	0.7325083900849804
[12470, 5317] -> 1145	0.5508993701162362
[1145, 5317] -> 12470	0.65150390375016
[1145, 12470] -> 5317	0.9080130339644183
[2152, 5317] -> 1145	0.6011821897310295
[1145, 5317] -> 2152	0.6890652331584112
[1145, 2152] -> 5317	0.9127746631702686
[5317, 7617] -> 1145	0.690839552238806
[1145, 7617] -> 5317	0.8850883797640816
[1145, 5317] -> 7617	0.6319211570459491
[1905, 11521] -> 12155	0.6565897529673836
[12155, 11521] -> 1905	0.9016539396637332
[12155, 1905] -> 11521	0.7566451785936646
[12470, 14313] -> 12317	0.7486657758816037
[12317, 14313] -> 12470	0.7915795735258884
[12317, 12470] -> 14313	0.7958269999086326
[14313, 13651] -> 12317	0.7631600308454076
[12317, 13651] -> 14313	0.7975780197872814
[12317, 14313] -> 13651	0.6214030188616891
[14313, 16954] -> 12317	0.7515607293705573
[12317, 16954] -> 14313	0.7853382851606652
[12317, 14313] -> 16954	0.6027313510521402
[14313, 1905] -> 12317	0.6664723350762448
[12317, 1905] -> 14313	0.7634769905040174
[12317, 14313] -> 1905	0.6044663290344434
[15124, 11677] -> 12317	0.7447712906276442
[12317, 11677] -> 15124	0.800445072110241
[12317, 15124] -> 11677	0.5987579230424483
[15124, 15205] -> 12317	0.6721391949383659
[12317, 15205] -> 15124	0.7958978428152277
[12317, 15124] -> 15205	0.6903530955887061
[16377, 14313] -> 12317	0.6648951678064791
[12317, 14313] -> 16377	0.65945686927354
[12317, 16377] -> 14313	0.8008267116140942
[4996, 5317] -> 12317	0.7197662008471467
[12317, 5317] -> 4996	0.7015734464654345
[12317, 4996] -> 5317	0.8314438997139363
[4996, 9340] -> 12317	0.7497583708935014
[12317, 9340] -> 4996	0.7263616557734205
[12317, 4996] -> 9340	0.7546401086464464
[6972, 14367] -> 12317	0.7889768631771582
[12317, 14367] -> 6972	0.7684074602842619
[12317, 6972] -> 14367	0.7426178507399726
[6972, 4996] -> 12317	0.7611940298507464
[12317, 4996] -> 6972	0.7889003400017338
[12317, 6972] -> 4996	0.7198122824902451
[6972, 5317] -> 12317	0.7040209520875058
[12317, 5317] -> 6972	0.7428032704279839
[12317, 6972] -> 5317	0.8032129925826976
[6972, 9340] -> 12317	0.7340165633295997
[12317, 9340] -> 6972	0.7715663097390256
[12317, 6972] -> 9340	0.7314040144830738
[7234, 14367] -> 12317	0.8035107037600805
[12317, 14367] -> 7234	0.6768271058207314
[12317, 7234] -> 14367	0.7615412949169191
[14313, 13651] -> 12470	0.7960448881853972
[12470, 13651] -> 14313	0.7906299442714474
[12470, 14313] -> 13651	0.6130398430968064
[14313, 16954] -> 12470	0.7606572576491192
[12470, 16954] -> 14313	0.7852159857072973
[12470, 14313] -> 16954	0.5769552341436351
[1905, 5317] -> 12470	0.6684750579250324
[12470, 5317] -> 1905	0.597429958801417
[12470, 1905] -> 5317	0.8232615482511086
[6972, 14313] -> 12470	0.7924158004158004
[12470, 14313] -> 6972	0.7445712901536994
[12470, 6972] -> 14313	0.7789167361485768
[6972, 14712] -> 12470	0.8282297178130511
[12470, 14712] -> 6972	0.8119232348555251
[12470, 6972] -> 14712	0.6141955629669593
[6972, 7624] -> 12470	0.7824591118403641
[12470, 7624] -> 6972	0.740891094071067
[12470, 6972] -> 7624	0.6042065165857406
[2452, 1905] -> 12918	0.6303785857238159
[12918, 1905] -> 2452	0.7789203614594389
[12918, 2452] -> 1905	0.8692177672503996
[1905, 5317] -> 13050	0.6000548975917718
[13050, 5317] -> 1905	0.6845871863832295
[13050, 1905] -> 5317	0.79658546518482
[10042, 1905] -> 13728	0.7723608282416837
[13728, 1905] -> 10042	0.6559225994757087
[13728, 10042] -> 1905	0.8772001686645383
[11283, 15124] -> 13728	0.7095562377433742
[13728, 15124] -> 11283	0.782101912570798
[13728, 11283] -> 15124	0.7783183270403717
[14313, 5317] -> 13728	0.5410448269752355
[13728, 5317] -> 14313	0.7708903777065735
[13728, 14313] -> 5317	0.7687406804934256
[14691, 2452] -> 13728	0.7800320976402291
[13728, 2452] -> 14691	0.8069815826423835
[13728, 14691] -> 2452	0.7968304086465481
[14691, 6037] -> 13728	0.7890069963342237
[13728, 6037] -> 14691	0.7718305389538266
[13728, 14691] -> 6037	0.7384075131054304
[15124, 11064] -> 13728	0.7091035550200331
[13728, 11064] -> 15124	0.79261976457706
[13728, 15124] -> 11064	0.6601971854108333
[15124, 6972] -> 13728	0.601268479579921
[13728, 6972] -> 15124	0.8530590146182998
[13728, 15124] -> 6972	0.7185137218062256
[15205, 1905] -> 13728	0.6598300821445534
[13728, 1905] -> 15205	0.6758492707667085
[13728, 15205] -> 1905	0.8248655899200688
[16954, 1905] -> 13728	0.7545291541333125
[13728, 1905] -> 16954	0.6937220175304261
[13728, 16954] -> 1905	0.855264326965793
[17157, 1905] -> 13728	0.8017976368386536
[13728, 1905] -> 17157	0.6718134892394174
[13728, 17157] -> 1905	0.7930411110402178
[2452, 11521] -> 13728	0.6899144288465072
[13728, 11521] -> 2452	0.897151109633447
[13728, 2452] -> 11521	0.8849863176558609
[2452, 14410] -> 13728	0.7636638200374921
[13728, 14410] -> 2452	0.8279175322915726
[13728, 2452] -> 14410	0.7515245308544547
[2452, 1905] -> 13728	0.7119496330887257
[13728, 1905] -> 2452	0.7691136594989505
[13728, 2452] -> 1905	0.8750243412489366
[4306, 15107] -> 13728	0.7681168306915617
[13728, 15107] -> 4306	0.7578470814805851
[13728, 4306] -> 15107	0.7699265526884584
[6287, 15124] -> 13728	0.5738715986263611
[13728, 15124] -> 6287	0.6797606778362504
[13728, 6287] -> 15124	0.8185362532123795
[14410, 1905] -> 14240	0.7190913430488867
[14240, 1905] -> 14410	0.7120467857937273
[14240, 14410] -> 1905	0.9095074049081933
[14454, 11521] -> 14240	0.8345686499112818
[14240, 11521] -> 14454	0.6504936801932706
[14240, 14454] -> 11521	0.9037346013060767
[15124, 2452] -> 14240	0.7854509545753785
[14240, 2452] -> 15124	0.7515928725701944
[14240, 15124] -> 2452	0.8841426620510052
[2452, 12155] -> 14240	0.8512210394489668
[14240, 12155] -> 2452	0.895177318550801
[14240, 2452] -> 12155	0.6728491720662347
[2452, 1905] -> 14240	0.8032438292194797
[14240, 1905] -> 2452	0.892757840883814
[14240, 2452] -> 1905	0.8668556515478762
[3938, 1905] -> 14240	0.6748182419035029
[14240, 1905] -> 3938	0.7097112033810337
[14240, 3938] -> 1905	0.8918380657333861
[4432, 2452] -> 14240	0.8076290513573967
[14240, 2452] -> 4432	0.6628779697624191
[14240, 4432] -> 2452	0.8907633144681469
[8644, 2452] -> 14240	0.8132241619032906
[14240, 2452] -> 8644	0.6632109431245501
[14240, 8644] -> 2452	0.9158195600845035
[12672, 5317] -> 14313	0.7842144786759901
[14313, 5317] -> 12672	0.5479753581115154
[14313, 12672] -> 5317	0.8125688416414878
[12672, 9340] -> 14313	0.8347085563035846
[14313, 9340] -> 12672	0.5789683743354778
[14313, 12672] -> 9340	0.7329500095999353
[14367, 5317] -> 14313	0.7815476338755615
[14313, 5317] -> 14367	0.6414046421610718
[14313, 14367] -> 5317	0.8153098525666568
[14367, 9340] -> 14313	0.8306187993786275
[14313, 9340] -> 14367	0.6957007615064097
[14313, 14367] -> 9340	0.7549765250082292
[15205, 14367] -> 14313	0.7999082416563358
[14313, 14367] -> 15205	0.7098369744113927
[14313, 15205] -> 14367	0.6889086919604199
[2452, 11521] -> 14313	0.6352639442628976
[14313, 11521] -> 2452	0.86655477205105
[14313, 2452] -> 11521	0.8642094737070933
[2782, 1905] -> 14313	0.745311801242236
[14313, 1905] -> 2782	0.683169669697025
[14313, 2782] -> 1905	0.7768972589968302
[5317, 14538] -> 14313	0.6796340486232797
[14313, 14538] -> 5317	0.8467242968098644
[14313, 5317] -> 14538	0.5259843807498876
[5317, 14712] -> 14313	0.7721450151057402
[14313, 14712] -> 5317	0.8413879378456677
[14313, 5317] -> 14712	0.5225088931594227
[5317, 7617] -> 14313	0.6919776119402985
[14313, 7617] -> 5317	0.8376147514142793
[14313, 5317] -> 7617	0.5055130773738943
[1905, 11521] -> 14410	0.7011670046879674
[14410, 11521] -> 1905	0.895413389378934
[14410, 1905] -> 11521	0.789561864113292
[1905, 3962] -> 14410	0.6969884394640858
[14410, 3962] -> 1905	0.9010512205446591
[14410, 1905] -> 3962	0.7172380872153427
[1905, 15107] -> 14454	0.6514180556799584
[14454, 15107] -> 1905	0.8730574471800244
[14454, 1905] -> 15107	0.7636866975323373
[2452, 1905] -> 14550	0.6408272181454303
[14550, 1905] -> 2452	0.7626306231206644
[14550, 2452] -> 1905	0.8727470954993015
[6037, 15107] -> 14550	0.648903606909514
[14550, 15107] -> 6037	0.794298735730406
[14550, 6037] -> 15107	0.8309018187652566
[2452, 1905] -> 14621	0.6337391594396264
[14621, 1905] -> 2452	0.7718745873917061
[14621, 2452] -> 1905	0.8864084350980324
[10042, 1905] -> 14691	0.7677040902919212
[14691, 1905] -> 10042	0.6763894989672801
[14691, 10042] -> 1905	0.880021887159533
[14410, 1905] -> 14691	0.7432772676644297
[14691, 1905] -> 14410	0.7421658146337816
[14691, 14410] -> 1905	0.880612573050778
[15124, 6972] -> 14691	0.578791509887577
[14691, 6972] -> 15124	0.885199019493405
[14691, 15124] -> 6972	0.7088178113433283
[16954, 1905] -> 14691	0.7315918911239356
[14691, 1905] -> 16954	0.6978289516724455
[14691, 16954] -> 1905	0.8756538055588132
[2452, 11521] -> 14691	0.7205075144416303
[14691, 11521] -> 2452	0.9081461041903746
[14691, 2452] -> 11521	0.8933645063501814
[2452, 14410] -> 14691	0.793626327848365
[14691, 14410] -> 2452	0.8450491810550363
[14691, 2452] -> 14410	0.7549285728438114
[4306, 15107] -> 14691	0.7595221305862996
[14691, 15107] -> 4306	0.7674752419013394
[14691, 4306] -> 15107	0.7781384148256727
[11064, 5317] -> 15124	0.7753765757888053
[15124, 5317] -> 11064	0.48290058024571303
[15124, 11064] -> 5317	0.7296656576640119
[11089, 3962] -> 15124	0.7372741705351581
[15124, 3962] -> 11089	0.7662625186670426
[15124, 11089] -> 3962	0.803062307784916
[11521, 15107] -> 15124	0.7693515003482339
[15124, 15107] -> 11521	0.7281116258343623
[15124, 11521] -> 15107	0.7395986571611783
[11521, 4306] -> 15124	0.8090078328981724
[15124, 4306] -> 11521	0.692389340980615
[15124, 11521] -> 4306	0.7012560823808985
[12918, 5317] -> 15124	0.8702344014008786
[15124, 5317] -> 12918	0.5509481668773705
[15124, 12918] -> 5317	0.7614307346313403
[12918, 571] -> 15124	0.8491374779551745
[15124, 571] -> 12918	0.7008965583726984
[15124, 12918] -> 571	0.6514286738287024
[14313, 12672] -> 15124	0.7322527511393607
[15124, 12672] -> 14313	0.7926036926846343
[15124, 14313] -> 12672	0.5221956387011228
[14313, 14367] -> 15124	0.7902929609674122
[15124, 14367] -> 14313	0.773764290802999
[15124, 14313] -> 14367	0.6574593200063417
[14313, 1905] -> 15124	0.7977827980105303
[15124, 1905] -> 14313	0.6984583974670824
[15124, 14313] -> 1905	0.6311272213654642
[14367, 2152] -> 15124	0.8091758914874128
[15124, 2152] -> 14367	0.6561921042503871
[15124, 14367] -> 2152	0.621815313634359
[14550, 1905] -> 15124	0.7654688538906587
[15124, 1905] -> 14550	0.6151576294571294
[15124, 14550] -> 1905	0.7985464785232884
[15205, 14367] -> 15124	0.7975264293314331
[15124, 14367] -> 15205	0.6929215998914408
[15124, 15205] -> 14367	0.6366080194486434
[16377, 12470] -> 15124	0.7994377902713274
[15124, 12470] -> 16377	0.6325448188648368
[15124, 16377] -> 12470	0.715410696707864
[16377, 2152] -> 15124	0.7518850448104942
[15124, 2152] -> 16377	0.6720337238546151
[15124, 16377] -> 2152	0.6317317157304033
[16377, 2782] -> 15124	0.7734962505701043
[15124, 2782] -> 16377	0.7414494286062875
[15124, 16377] -> 2782	0.6135505094271364
[16377, 4306] -> 15124	0.7523806845874106
[15124, 4306] -> 16377	0.7474069384182791
[15124, 16377] -> 4306	0.6753632455262117
[1905, 11521] -> 15124	0.7467583203112012
[15124, 11521] -> 1905	0.8472049338010637
[15124, 1905] -> 11521	0.7164982574228999
[1905, 16879] -> 15124	0.7976513098464318
[15124, 16879] -> 1905	0.7442683749157114
[15124, 1905] -> 16879	0.5985772276674987
[1905, 2372] -> 15124	0.726520082790893
[15124, 2372] -> 1905	0.8318736046711317
[15124, 1905] -> 2372	0.5794766686072941
[1905, 6206] -> 15124	0.7129179568696995
[15124, 6206] -> 1905	0.8426076757672509
[15124, 1905] -> 6206	0.6187863369195065
[3860, 15205] -> 15124	0.7598292982836832
[15124, 15205] -> 3860	0.5729713724695725
[15124, 3860] -> 15205	0.7049631383677344
[5496, 14313] -> 15124	0.8639220100766128
[15124, 14313] -> 5496	0.5696496259890751
[15124, 5496] -> 14313	0.7182068451704932
[6037, 15107] -> 15124	0.7336615054148394
[15124, 15107] -> 6037	0.7609940863559141
[15124, 6037] -> 15107	0.7836111960844295
[6037, 2372] -> 15124	0.7093041272054694
[15124, 2372] -> 6037	0.8385940809433855
[15124, 6037] -> 2372	0.7002045732639951
[6972, 14367] -> 15124	0.8061940953483595
[15124, 14367] -> 6972	0.7323082403229636
[15124, 6972] -> 14367	0.6590064339848728
[8644, 15107] -> 15124	0.7210746222031317
[15124, 15107] -> 8644	0.6857227735640613
[15124, 8644] -> 15107	0.815708101422387
[8644, 1905] -> 15124	0.7111029072450393
[15124, 1905] -> 8644	0.6144717638708339
[15124, 8644] -> 1905	0.850870218217157
[9340, 11677] -> 15124	0.7831386490604367
[15124, 11677] -> 9340	0.7214573689711811
[15124, 9340] -> 11677	0.5806281044704374
[1905, 11521] -> 15205	0.6580609768261462
[15205, 11521] -> 1905	0.8665528337820975
[15205, 1905] -> 11521	0.6962938206891699
[1905, 13081] -> 15205	0.7598575241180929
[15205, 13081] -> 1905	0.7136851756122777
[15205, 1905] -> 13081	0.643541890204218
[11283, 1905] -> 15582	0.6039669585822348
[15582, 1905] -> 11283	0.720575297780853
[15582, 11283] -> 1905	0.7453680981595092
[14313, 14538] -> 15582	0.8061016279784107
[15582, 14538] -> 14313	0.6497166149411567
[15582, 14313] -> 14538	0.6858217522376637
[15124, 1905] -> 15582	0.594406207881074
[15582, 1905] -> 15124	0.736737013789354
[15582, 15124] -> 1905	0.6771388856081185
[16242, 5317] -> 15582	0.6008064222123384
[15582, 5317] -> 16242	0.622459925365242
[15582, 16242] -> 5317	0.866939514135112
[1905, 15107] -> 15582	0.6069424879284092
[15582, 15107] -> 1905	0.8350006161291408
[15582, 1905] -> 15107	0.7367963228389265
[3860, 1905] -> 15582	0.6295203334109911
[15582, 1905] -> 3860	0.7211683882765778
[15582, 3860] -> 1905	0.7869632282351926
[6206, 5317] -> 15582	0.7411517239276897
[15582, 5317] -> 6206	0.5509676834519331
[15582, 6206] -> 5317	0.8028708555325614
[6287, 5317] -> 15582	0.7397273458500334
[15582, 5317] -> 6287	0.8128238831225733
[15582, 6287] -> 5317	0.83652732319031
[6287, 9340] -> 15582	0.7454545454545455
[15582, 9340] -> 6287	0.8037344617825972
[15582, 6287] -> 9340	0.5906458208618719
[12317, 12470] -> 16242	0.840347860756024
[16242, 12470] -> 12317	0.7754664050403937
[16242, 12317] -> 12470	0.812639560474867
[12317, 6287] -> 16242	0.7776752501513884
[16242, 6287] -> 12317	0.7385192555201593
[16242, 12317] -> 6287	0.6498658612989767
[12911, 14313] -> 16242	0.745061498322773
[16242, 14313] -> 12911	0.5845675987544061
[16242, 12911] -> 14313	0.7708012005502521
[13728, 15124] -> 16242	0.6938974672345704
[16242, 15124] -> 13728	0.5614212448806405
[16242, 13728] -> 15124	0.8525532558634678
[15124, 12918] -> 16242	0.6647163708369547
[16242, 12918] -> 15124	0.9139256412151675
[16242, 15124] -> 12918	0.547444932295318
[15124, 14313] -> 16242	0.7187567559776891
[16242, 14313] -> 15124	0.7882885730996
[16242, 15124] -> 14313	0.7359997048297237
[15124, 14712] -> 16242	0.78444848941334
[16242, 14712] -> 15124	0.8089299776696619
[16242, 15124] -> 14712	0.5533483378223814
[15124, 2152] -> 16242	0.7201403370595447
[16242, 2152] -> 15124	0.8043545629942119
[16242, 15124] -> 2152	0.5937497693982217
[15124, 4306] -> 16242	0.6792331613936426
[16242, 4306] -> 15124	0.8498683566718703
[16242, 15124] -> 4306	0.5383241707560049
[15205, 14367] -> 16242	0.8413361576681667
[16242, 14367] -> 15205	0.7346049928831385
[16242, 15205] -> 14367	0.7239974463652705
[15205, 4996] -> 16242	0.8272001047668937
[16242, 4996] -> 15205	0.7576466354803886
[16242, 15205] -> 4996	0.7428305024948338
[15205, 5317] -> 16242	0.7423084339207897
[16242, 5317] -> 15205	0.7017477342160716
[16242, 15205] -> 5317	0.8084605950640928
[15205, 9340] -> 16242	0.7796260499466899
[16242, 9340] -> 15205	0.7539546151847163
[16242, 15205] -> 9340	0.7555062748853384
[16377, 12470] -> 16242	0.7755485775529775
[16242, 12470] -> 16377	0.6322873392301442
[16242, 16377] -> 12470	0.8008310034172104
[16954, 5317] -> 16242	0.7363707579376977
[16242, 5317] -> 16954	0.5551626333403816
[16242, 16954] -> 5317	0.8152121543057206
[6386, 12470] -> 16242	0.7940486692342449
[16242, 12470] -> 6386	0.565741265923689
[16242, 6386] -> 12470	0.8389883489627735
[6692, 12470] -> 16242	0.8458775640514008
[16242, 12470] -> 6692	0.5686232428372143
[16242, 6692] -> 12470	0.814148220498019
[15205, 5317] -> 16377	0.6239481701438433
[16377, 5317] -> 15205	0.6433087083409541
[16377, 15205] -> 5317	0.7765437668583277
[15205, 9340] -> 16377	0.6402399382817714
[16377, 9340] -> 15205	0.723514718127051
[16377, 15205] -> 9340	0.7089856686216728
[16954, 5317] -> 16377	0.7194460294586988
[16377, 5317] -> 16954	0.591556463861697
[16377, 16954] -> 5317	0.771792583985226
[4996, 5317] -> 16377	0.6327835773605043
[16377, 5317] -> 4996	0.6034925608136584
[16377, 4996] -> 5317	0.8368915551046513
[6972, 5317] -> 16377	0.6471267909413033
[16377, 5317] -> 6972	0.6680556328676055
[16377, 6972] -> 5317	0.8079982303097919
[6972, 9340] -> 16377	0.6710794387165624
[16377, 9340] -> 6972	0.7453494636822255
[16377, 6972] -> 9340	0.7318149904302078
[15124, 12470] -> 16384	0.5620694785390166
[16384, 12470] -> 15124	0.8217579501457345
[16384, 15124] -> 12470	0.7495337671613365
[6972, 5317] -> 16384	0.5612848559543984
[16384, 5317] -> 6972	0.7221104581446282
[16384, 6972] -> 5317	0.8112447116455132
[11283, 16377] -> 17157	0.6673481208899793
[17157, 16377] -> 11283	0.8405196923043912
[17157, 11283] -> 16377	0.773378347696469
[2452, 11521] -> 17157	0.585351432977253
[17157, 11521] -> 2452	0.9091495724904758
[17157, 2452] -> 11521	0.8861123878177992
[15205, 5317] -> 17169	0.5757433188076048
[17169, 5317] -> 15205	0.7668553465580473
[17169, 15205] -> 5317	0.7396896490219782
[2152, 5317] -> 1905	0.6163838989927565
[1905, 5317] -> 2152	0.6684346920487296
[1905, 2152] -> 5317	0.8590950122954647
[5317, 4306] -> 1905	0.7544802697184102
[1905, 4306] -> 5317	0.7359785810898445
[1905, 5317] -> 4306	0.6413572622248056
[5317, 571] -> 1905	0.7365152432067779
[1905, 571] -> 5317	0.7148428096865823
[1905, 5317] -> 571	0.5993525313441029
[1905, 11521] -> 2452	0.8812963393955513
[2452, 11521] -> 1905	0.8471384399044415
[2452, 1905] -> 11521	0.8841477651767845
[1905, 3962] -> 2452	0.757983682453635
[2452, 3962] -> 1905	0.8971460560453876
[2452, 1905] -> 3962	0.6949216144096063
[6206, 11521] -> 2452	0.9088410187366767
[2452, 11521] -> 6206	0.6472167403063304
[2452, 6206] -> 11521	0.8796286241720056
[11064, 571] -> 2862	0.6960203057223495
[2862, 571] -> 11064	0.8140681251730821
[2862, 11064] -> 571	0.8098964073176107
[1905, 15107] -> 2862	0.6186517274792565
[2862, 15107] -> 1905	0.8603524029532998
[2862, 1905] -> 15107	0.7929033604675433
[11283, 15124] -> 3106	0.6062985610617858
[3106, 15124] -> 11283	0.7212690350333205
[3106, 11283] -> 15124	0.8064651045048813
[11283, 5317] -> 3106	0.5901486090068018
[3106, 5317] -> 11283	0.6948089531562818
[3106, 11283] -> 5317	0.8059698207072653
[15124, 2152] -> 3427	0.6790595268994281
[3427, 2152] -> 15124	0.9179471047983159
[3427, 15124] -> 2152	0.6517373190740025
[15205, 5317] -> 3427	0.5641818672631213
[3427, 5317] -> 15205	0.7052409324926245
[3427, 15205] -> 5317	0.8122973393150623
[11089, 1905] -> 3860	0.7208319208757902
[3860, 1905] -> 11089	0.6238340538255115
[3860, 11089] -> 1905	0.8759889983400578
[14313, 5317] -> 3860	0.5172956617737253
[3860, 5317] -> 14313	0.6866237313891854
[3860, 14313] -> 5317	0.8119912285393378
[14410, 1905] -> 3860	0.7224421793539813
[3860, 1905] -> 14410	0.6660022607059961
[3860, 14410] -> 1905	0.8936138189733023
[15205, 1905] -> 3860	0.7001108159926825
[3860, 1905] -> 15205	0.6868749622496613
[3860, 15205] -> 1905	0.8225508126930985
[1905, 2372] -> 3860	0.7265800761916188
[3860, 2372] -> 1905	0.8732319894249834
[3860, 1905] -> 2372	0.6270093965985866
[1905, 6206] -> 3860	0.7421094704731103
[3860, 6206] -> 1905	0.8586007845471846
[3860, 1905] -> 6206	0.6969014522015998
[2452, 11521] -> 3860	0.6661286843135532
[3860, 11521] -> 2452	0.8869361702127659
[3860, 2452] -> 11521	0.8913550152885582
[4432, 1905] -> 3860	0.7187323745064862
[3860, 1905] -> 4432	0.7037180847851034
[3860, 4432] -> 1905	0.8429212228951775
[6037, 5317] -> 3860	0.7044430764420212
[3860, 5317] -> 6037	0.652097617453914
[3860, 6037] -> 5317	0.7348078687187851
[11089, 14621] -> 3938	0.7927794693344932
[3938, 14621] -> 11089	0.7921162141312733
[3938, 11089] -> 14621	0.816503897500224
[11089, 3962] -> 3938	0.7690259440123792
[3938, 3962] -> 11089	0.7900468649998967
[3938, 11089] -> 3962	0.857170056446555
[1905, 11521] -> 3938	0.6831881504139375
[3938, 11521] -> 1905	0.8933827525488577
[3938, 1905] -> 11521	0.7243269442608503
[3860, 1905] -> 3938	0.7058493610485533
[3938, 1905] -> 3860	0.7208900638907247
[3938, 3860] -> 1905	0.8573839220207524
[1905, 15107] -> 4432	0.7165598612479541
[4432, 15107] -> 1905	0.8614191881124152
[4432, 1905] -> 15107	0.775521714608009
[2452, 1905] -> 4432	0.6772598398932621
[4432, 1905] -> 2452	0.7157448533558939
[4432, 2452] -> 1905	0.8904982237621156
[6206, 15107] -> 4432	0.7142829144005095
[4432, 15107] -> 6206	0.7134998091173389
[4432, 6206] -> 15107	0.842423401870023
[14454, 1905] -> 457	0.7619111259605746
[457, 1905] -> 14454	0.9143020791568818
[457, 14454] -> 1905	0.8070171890798786
[5317, 11677] -> 4996	0.717369531607044
[4996, 11677] -> 5317	0.8397550453598626
[4996, 5317] -> 11677	0.615140246139479
[14538, 11149] -> 5317	0.8347037238379994
[5317, 11149] -> 14538	0.7511083028443891
[5317, 14538] -> 11149	0.6489649281921686
[15205, 5317] -> 5496	0.6013343102849871
[5496, 5317] -> 15205	0.781919748071928
[5496, 15205] -> 5317	0.7037722394230163
[1905, 5317] -> 5496	0.5816561311729516
[5496, 5317] -> 1905	0.7225682221620484
[5496, 1905] -> 5317	0.7052535753090771
[12155, 2372] -> 6037	0.8469166200335757
[6037, 2372] -> 12155	0.7327871709952937
[6037, 12155] -> 2372	0.8160905904556485
[15107, 571] -> 6037	0.7632906480403571
[6037, 571] -> 15107	0.8225102843451925
[6037, 15107] -> 571	0.651382797816164
[2452, 15107] -> 6037	0.7979471637694419
[6037, 15107] -> 2452	0.7493690145887407
[6037, 2452] -> 15107	0.8350820849374638
[7624, 1905] -> 6037	0.7327096458560061
[6037, 1905] -> 7624	0.6165543662729152
[6037, 7624] -> 1905	0.8484322974472809
[11283, 7624] -> 6287	0.748542774713952
[6287, 7624] -> 11283	0.7525675555687098
[6287, 11283] -> 7624	0.6614494814609275
[12470, 15205] -> 6287	0.645132387667264
[6287, 15205] -> 12470	0.7475693298919056
[6287, 12470] -> 15205	0.6792358013153951
[13050, 1145] -> 6287	0.8441170661430679
[6287, 1145] -> 13050	0.6588497741988139
[6287, 13050] -> 1145	0.7157676961726023
[14313, 1905] -> 6287	0.690265809178524
[6287, 1905] -> 14313	0.690592931483878
[6287, 14313] -> 1905	0.628351092499689
[14313, 7617] -> 6287	0.8553652284865798
[6287, 7617] -> 14313	0.6615837416267106
[6287, 14313] -> 7617	0.6281520792736016
[16377, 12470] -> 6287	0.6989263486452437
[6287, 12470] -> 16377	0.6554229189074815
[6287, 16377] -> 12470	0.6782039118376878
[16377, 2152] -> 6287	0.7432634055975567
[6287, 2152] -> 16377	0.6633125413308073
[6287, 16377] -> 2152	0.6771456721646474
[16377, 4306] -> 6287	0.6940914032917183
[6287, 4306] -> 16377	0.7559616169865251
[6287, 16377] -> 4306	0.6755765581666909
[1905, 11521] -> 6287	0.6279798517139342
[6287, 11521] -> 1905	0.8592175594222677
[6287, 1905] -> 11521	0.6885423691741246
[1905, 6206] -> 6287	0.6947892642856487
[6287, 6206] -> 1905	0.8104782524812963
[6287, 1905] -> 6206	0.6891347538413867
[5317, 15107] -> 6287	0.7300762333093841
[6287, 15107] -> 5317	0.8083706129702142
[6287, 5317] -> 15107	0.5379041516853547
[15205, 5317] -> 6386	0.5573329219852686
[6386, 5317] -> 15205	0.6063537881902781
[6386, 15205] -> 5317	0.865598160060373
[12470, 5317] -> 6692	0.5430276268606102
[6692, 5317] -> 12470	0.7516879069953257
[6692, 12470] -> 5317	0.8581462435720557
[1905, 11521] -> 6972	0.6033513980782657
[6972, 11521] -> 1905	0.8649975571100015
[6972, 1905] -> 11521	0.7281226176624002
[1905, 5317] -> 6972	0.6413814817505873
[6972, 5317] -> 1905	0.6119704205823447
[6972, 1905] -> 5317	0.7969144966496811
[14313, 12672] -> 7234	0.7599713012459705
[7234, 12672] -> 14313	0.848969915899983
[7234, 14313] -> 12672	0.6285079142221999
[14313, 14367] -> 7234	0.6978222830512292
[7234, 14367] -> 14313	0.8696656626831191
[7234, 14313] -> 14367	0.6732353875211018
[5317, 9340] -> 7234	0.631573329266898
[7234, 9340] -> 5317	0.8331807803337391
[7234, 5317] -> 9340	0.7182533144883679
[11521, 15107] -> 8387	0.7119468722717597
[8387, 15107] -> 11521	0.7939397254279932
[8387, 11521] -> 15107	0.8416499483956258
[14240, 11521] -> 8387	0.6451542312944225
[8387, 11521] -> 14240	0.8547191910289563
[8387, 14240] -> 11521	0.9416762488820748
[8644, 1905] -> 8387	0.6746838947854177
[8387, 1905] -> 8644	0.7639061601964575
[8387, 8644] -> 1905	0.8773643783005282
[6037, 2372] -> 8644	0.7096140065462011
[8644, 2372] -> 6037	0.9010968741545953
[8644, 6037] -> 2372	0.7438812697316997
[6037, 6206] -> 8644	0.7835500973367021
[8644, 6206] -> 6037	0.7901117260102327
[8644, 6037] -> 6206	0.7681430123135956
