[16954, 11521] -> 10042	0.8121824002149045
[10042, 11521] -> 16954	0.8580821399430012
[10042, 16954] -> 11521	0.7605999937107578
[16954, 2452] -> 10042	0.8202248456720588
[10042, 2452] -> 16954	0.8561299956495667
[10042, 16954] -> 2452	0.7632309933858135
[2452, 11521] -> 10947	0.5843606931982519
[10947, 11521] -> 2452	0.9062050849977697
[10947, 2452] -> 11521	0.9006810093223158
[10042, 4306] -> 11283	0.8633991377354209
[11283, 4306] -> 10042	0.6448232188090905
[11283, 10042] -> 4306	0.796068931343941
[1145, 5317] -> 11283	0.6187891974913606
[11283, 5317] -> 1145	0.5844347377582928
[11283, 1145] -> 5317	0.8808011368467079
[14410, 1905] -> 11283	0.7633822854949972
[11283, 1905] -> 14410	0.6757334482215797
[11283, 14410] -> 1905	0.8712637538724496
[14621, 1905] -> 11283	0.798921378441788
[11283, 1905] -> 14621	0.6517229094343687
[11283, 14621] -> 1905	0.824124130416562
[15124, 16377] -> 11283	0.7160585231240377
[11283, 16377] -> 15124	0.7249821118266381
[11283, 15124] -> 16377	0.7042439989077639
[15124, 2452] -> 11283	0.7629925703000093
[11283, 2452] -> 15124	0.7943310324570422
[11283, 15124] -> 2452	0.6713031534177886
[15124, 6037] -> 11283	0.7498852860201896
[11283, 6037] -> 15124	0.7733882814579656
[11283, 15124] -> 6037	0.6490860797828767
[15124, 7624] -> 11283	0.7190901405473951
[11283, 7624] -> 15124	0.8012972739583537
[11283, 15124] -> 7624	0.6756720975068885
[16377, 1905] -> 11283	0.7976586116900429
[11283, 1905] -> 16377	0.7039528737251132
[11283, 16377] -> 1905	0.723746976046884
[16954, 2782] -> 11283	0.8466959227268507
[11283, 2782] -> 16954	0.6908176410411853
[11283, 16954] -> 2782	0.7411912964826164
[16954, 4306] -> 11283	0.8338313338982295
[11283, 4306] -> 16954	0.6670591173427523
[11283, 16954] -> 4306	0.7600638230840372
[1905, 2152] -> 11283	0.7747284103053633
[11283, 2152] -> 1905	0.7429674517647293
[11283, 1905] -> 2152	0.6186234951987207
[1905, 4306] -> 11283	0.819365955791073
[11283, 4306] -> 1905	0.7888615362660102
[11283, 1905] -> 4306	0.7327771195638665
[2452, 5317] -> 11283	0.7566513994910942
[11283, 5317] -> 2452	0.5991183391895812
[11283, 2452] -> 5317	0.7278699760121409
[2782, 5317] -> 11283	0.818337154015962
[11283, 5317] -> 2782	0.6214096902098578
[11283, 2782] -> 5317	0.7303735839048232
[2862, 571] -> 11283	0.8165162004984768
[11283, 571] -> 2862	0.7068836549158004
[11283, 2862] -> 571	0.7485326075918516
[3962, 4306] -> 11283	0.8479464386182065
[11283, 4306] -> 3962	0.6721342181312213
[11283, 3962] -> 4306	0.7738606256033191
[5317, 15107] -> 11283	0.7480101893236044
[11283, 15107] -> 5317	0.745485148883144
[11283, 5317] -> 15107	0.6460542858063892
[6037, 2782] -> 11283	0.8461387237782455
[11283, 2782] -> 6037	0.6930720266737392
[11283, 6037] -> 2782	0.7213814589515818
[6037, 4306] -> 11283	0.8279065811993069
[11283, 4306] -> 6037	0.6946555353383996
[11283, 6037] -> 4306	0.7678474597994657
[6971, 1905] -> 11283	0.8217831064259747
[11283, 1905] -> 6971	0.6536367929608855
[11283, 6971] -> 1905	0.8102539874906282
[11283, 5317] -> 12317	0.5920666645175848
[12317, 5317] -> 11283	0.597080671640578
[12317, 11283] -> 5317	0.7876533150355948
[12911, 5317] -> 12317	0.6503202293860707
[12317, 5317] -> 12911	0.5917003949870776
[12317, 12911] -> 5317	0.8306407447973714
[14313, 11677] -> 12317	0.7635675934612084
[12317, 11677] -> 14313	0.8185796208327984
[12317, 14313] -> 11677	0.6321185733523905
[14313, 15205] -> 12317	0.722284340347544
[12317, 15205] -> 14313	0.7927054307910908
[12317, 14313] -> 15205	0.7098125397599121
[6287, 14313] -> 12317	0.6613209502881545
[12317, 14313] -> 6287	0.6588950668792704
[12317, 6287] -> 14313	0.7665734306064189
[6972, 14313] -> 12317	0.7478752598752598
[12317, 14313] -> 6972	0.743000190021398
[12317, 6972] -> 14313	0.7903469610152213
[6972, 2152] -> 12317	0.7431949125465096
[12317, 2152] -> 6972	0.7687477344932728
[12317, 6972] -> 2152	0.6336959960628538
[7234, 14313] -> 12317	0.7026107740393454
[12317, 14313] -> 7234	0.694594304315138
[12317, 7234] -> 14313	0.860205042154375
[14313, 11677] -> 12470	0.7855531825712062
[12470, 11677] -> 14313	0.8204673851862662
[12470, 14313] -> 11677	0.615063644248576
[14313, 15205] -> 12470	0.7752145877645041
[12470, 15205] -> 14313	0.7721441610423541
[12470, 14313] -> 15205	0.7205279073583535
[14367, 11677] -> 12470	0.8339042261189121
[12470, 11677] -> 14367	0.7663491004607142
[12470, 14367] -> 11677	0.6357504799128375
[14367, 5317] -> 12470	0.794609271853125
[12470, 5317] -> 14367	0.6904478451914544
[12470, 14367] -> 5317	0.8274734967054632
[14367, 9340] -> 12470	0.8261777011121806
[12470, 9340] -> 14367	0.7248570186293856
[12470, 14367] -> 9340	0.749615205022223
[15205, 11677] -> 12470	0.7814782230796138
[12470, 11677] -> 15205	0.7684858971419042
[12470, 15205] -> 11677	0.6173653095744503
[4996, 5317] -> 12470	0.782051495847647
[12470, 5317] -> 4996	0.6767318195920546
[12470, 4996] -> 5317	0.8577398970269504
[4996, 9340] -> 12470	0.8115388664006354
[12470, 9340] -> 4996	0.7090956219271548
[12470, 4996] -> 9340	0.7755443579730954
[5317, 14538] -> 12470	0.6476177058476493
[12470, 14538] -> 5317	0.880192438875525
[12470, 5317] -> 14538	0.5306608368146496
[5317, 14712] -> 12470	0.7938066465256798
[12470, 14712] -> 5317	0.85177541008407
[12470, 5317] -> 14712	0.568735254009827
[6972, 4996] -> 12470	0.8041857958030519
[12470, 4996] -> 6972	0.7913378265919212
[12470, 6972] -> 4996	0.7073421943204669
[6972, 5317] -> 12470	0.775296564473887
[12470, 5317] -> 6972	0.726198979775897
[12470, 6972] -> 5317	0.8227393856164271
[6972, 9340] -> 12470	0.8062760731326566
[12470, 9340] -> 6972	0.7643901133817184
[12470, 6972] -> 9340	0.7472820311605931
[14313, 5317] -> 12911	0.558224639162612
[12911, 5317] -> 14313	0.7317040490929066
[12911, 14313] -> 5317	0.8251654561755196
[14313, 9340] -> 12911	0.5753683807212758
[12911, 9340] -> 14313	0.7933717833006801
[12911, 14313] -> 9340	0.726103293006014
[15124, 6972] -> 12911	0.5669538935912015
[12911, 6972] -> 15124	0.814124764368068
[12911, 15124] -> 6972	0.7092634674508755
[1905, 15107] -> 12918	0.608888599369753
[12918, 15107] -> 1905	0.8615258767685147
[12918, 1905] -> 15107	0.7704918032786885
[1145, 5317] -> 13050	0.6535261743248432
[13050, 5317] -> 1145	0.7054304977342224
[13050, 1145] -> 5317	0.8898467544236734
[11283, 11521] -> 13728	0.7734259591967102
[13728, 11521] -> 11283	0.8050868589477185
[13728, 11283] -> 11521	0.7033110659308742
[11283, 14410] -> 13728	0.7788590962504006
[13728, 14410] -> 11283	0.8231979947610875
[13728, 11283] -> 14410	0.6617502904443798
[11283, 16879] -> 13728	0.7068424664248603
[13728, 16879] -> 11283	0.8382840202290298
[13728, 11283] -> 16879	0.6544528753993609
[11521, 15107] -> 13728	0.7451615118252357
[13728, 15107] -> 11521	0.7659437167891749
[13728, 11521] -> 15107	0.7892527636937912
[11521, 4306] -> 13728	0.7878590078328982
[13728, 4306] -> 11521	0.7418485776625932
[13728, 11521] -> 4306	0.7524312193500126
[12470, 5317] -> 13728	0.5312957711927386
[13728, 5317] -> 12470	0.7149820370909797
[13728, 12470] -> 5317	0.811585896771776
[14240, 11521] -> 13728	0.6953625573334268
[13728, 11521] -> 14240	0.8253781896766686
[13728, 14240] -> 11521	0.9205641049411328
[14313, 2782] -> 13728	0.7947873288167899
[13728, 2782] -> 14313	0.7726251976274634
[13728, 14313] -> 2782	0.7428881271906892
[14313, 4306] -> 13728	0.7499274009541589
[13728, 4306] -> 14313	0.740701283535305
[13728, 14313] -> 4306	0.7001297468967254
[14550, 2782] -> 13728	0.8062187920508002
[13728, 2782] -> 14550	0.7300484376101427
[13728, 14550] -> 2782	0.7917954542972291
[14550, 4306] -> 13728	0.7477013832384052
[13728, 4306] -> 14550	0.753055182798783
[13728, 14550] -> 4306	0.8029139680424644
[14691, 15107] -> 13728	0.7899666449807409
[13728, 15107] -> 14691	0.7713280296843017
[13728, 14691] -> 15107	0.7741615560548101
[15124, 12918] -> 13728	0.6904853638212657
[13728, 12918] -> 15124	0.8792428719750819
[13728, 15124] -> 12918	0.7028538073566029
[15124, 14313] -> 13728	0.5969113471599672
[13728, 14313] -> 15124	0.8020197912430528
[13728, 15124] -> 14313	0.7554609049369317
[15124, 14550] -> 13728	0.7471452382677833
[13728, 14550] -> 15124	0.7882239867189462
[13728, 15124] -> 14550	0.6582180348950685
[17157, 11283] -> 13728	0.7780476007147018
[13728, 11283] -> 17157	0.715373584083648
[13728, 17157] -> 11283	0.8381399008911291
[17157, 14313] -> 13728	0.7952234441825958
[13728, 14313] -> 17157	0.7057359747477682
[13728, 17157] -> 14313	0.7750802866926136
[2782, 11521] -> 13728	0.8291118251781038
[13728, 11521] -> 2782	0.7533143545839914
[13728, 2782] -> 11521	0.7301390693131123
[2862, 1905] -> 13728	0.7753913587977458
[13728, 1905] -> 2862	0.6693091426666787
[13728, 2862] -> 1905	0.8353533763576264
[3860, 1905] -> 13728	0.6618605092628544
[13728, 1905] -> 3860	0.6909924599349591
[13728, 3860] -> 1905	0.8770696121478229
[6287, 5317] -> 13728	0.49992093992121495
[13728, 5317] -> 6287	0.7060685503446937
[13728, 6287] -> 5317	0.7986249917631296
[7624, 1905] -> 13728	0.7460287348862287
[13728, 1905] -> 7624	0.6731107047303324
[13728, 7624] -> 1905	0.8137128917735718
[10042, 2452] -> 14240	0.8476878035015109
[14240, 2452] -> 10042	0.6488030957523399
[14240, 10042] -> 2452	0.928461043142305
[11283, 11521] -> 14240	0.8196889847087475
[14240, 11521] -> 11283	0.718838626098526
[14240, 11283] -> 11521	0.9178933485341292
[11521, 15107] -> 14240	0.8316608300717068
[14240, 15107] -> 11521	0.9243466599797212
[14240, 11521] -> 15107	0.742113371380554
[14550, 11521] -> 14240	0.8426482337003717
[14240, 11521] -> 14550	0.6370312664122406
[14240, 14550] -> 11521	0.9233316417153007
[15205, 2452] -> 14240	0.817709957674315
[14240, 2452] -> 15205	0.6606731461483081
[14240, 15205] -> 2452	0.8696280502250651
[16954, 2452] -> 14240	0.8406141576172668
[14240, 2452] -> 16954	0.671553275737941
[14240, 16954] -> 2452	0.9190024630541872
[2452, 15107] -> 14240	0.8042848429399208
[14240, 15107] -> 2452	0.9200946348164543
[14240, 2452] -> 15107	0.7594672426205904
[3860, 1905] -> 14240	0.6556392534493024
[14240, 1905] -> 3860	0.7042337065322163
[14240, 3860] -> 1905	0.8999964466343706
[4432, 11521] -> 14240	0.8166487027903888
[14240, 11521] -> 4432	0.6565771506599909
[14240, 4432] -> 11521	0.9071010496783244
[14367, 2152] -> 14313	0.8207533634266668
[14313, 2152] -> 14367	0.6622555480354789
[14313, 14367] -> 2152	0.6441849586805495
[1905, 11521] -> 14313	0.650787977524354
[14313, 11521] -> 1905	0.8533235970485978
[14313, 1905] -> 11521	0.7132121190038077
[1905, 5317] -> 14313	0.6904583141595421
[14313, 5317] -> 1905	0.5828256395578635
[14313, 1905] -> 5317	0.7790723095702236
[1905, 9340] -> 14313	0.7698511423477216
[14313, 9340] -> 1905	0.5928095914685738
[14313, 1905] -> 9340	0.676510776293975
[7624, 1905] -> 14313	0.7385305071038469
[14313, 1905] -> 7624	0.6738053161835705
[14313, 7624] -> 1905	0.7152222469324412
[9340, 11677] -> 14313	0.8317754989572416
[14313, 11677] -> 9340	0.7681982395560968
[14313, 9340] -> 11677	0.6144334998962308
[5317, 9340] -> 14367	0.6696275399336663
[14367, 9340] -> 5317	0.836994539164578
[14367, 5317] -> 9340	0.7292678673741374
[1905, 15107] -> 14550	0.6387316890455911
[14550, 15107] -> 1905	0.8593746576392997
[14550, 1905] -> 15107	0.7784492939156668
[11283, 15107] -> 14691	0.7212695519556606
[14691, 15107] -> 11283	0.8009438541053524
[14691, 11283] -> 15107	0.7715362883972625
[11283, 2862] -> 14691	0.7395149988829538
[14691, 2862] -> 11283	0.8241158829853449
[14691, 11283] -> 2862	0.7244051408562788
[15124, 2862] -> 14691	0.779497701198814
[14691, 2862] -> 15124	0.8211961749561477
[14691, 15124] -> 2862	0.6782536359217856
[2452, 1905] -> 14691	0.7260173448965977
[14691, 1905] -> 2452	0.8136898475686689
[14691, 2452] -> 1905	0.8625151076856017
[3938, 1905] -> 14691	0.6466886979510905
[14691, 1905] -> 3938	0.6858288395218647
[14691, 3938] -> 1905	0.8911219322639014
[12470, 1905] -> 15124	0.8476306945852969
[15124, 1905] -> 12470	0.6799081259121612
[15124, 12470] -> 1905	0.6341813583277541
[12918, 14313] -> 15124	0.883995474961078
[15124, 14313] -> 12918	0.568756035340069
[15124, 12918] -> 14313	0.7071599451647299
[12918, 4306] -> 15124	0.8741368378580898
[15124, 4306] -> 12918	0.7060110612465318
[15124, 12918] -> 4306	0.6794107896458108
[14313, 14712] -> 15124	0.7996554297252216
[15124, 14712] -> 14313	0.7623127458364716
[15124, 14313] -> 14712	0.5251358401914014
[14410, 15107] -> 15124	0.7919067954724491
[15124, 15107] -> 14410	0.7092659468793227
[15124, 14410] -> 15107	0.7812180457278416
[16377, 7624] -> 15124	0.8044518654017951
[15124, 7624] -> 16377	0.6661118743175173
[15124, 16377] -> 7624	0.6363927005948223
[1905, 3962] -> 15124	0.7397742466550848
[15124, 3962] -> 1905	0.8493687145587266
[15124, 1905] -> 3962	0.6486454154670663
[3860, 11521] -> 15124	0.7726276595744681
[15124, 11521] -> 3860	0.684876089170533
[15124, 3860] -> 11521	0.6962678196512286
[4432, 6037] -> 15124	0.7267416084570596
[15124, 6037] -> 4432	0.7051563933924748
[15124, 4432] -> 6037	0.7261549668743786
[5317, 571] -> 15124	0.7674877726961576
[15124, 571] -> 5317	0.7458016003084932
[15124, 5317] -> 571	0.5015527245615741
[5317, 9340] -> 15124	0.7620449086958179
[15124, 9340] -> 5317	0.800721038295145
[15124, 5317] -> 9340	0.6479691400045382
[5496, 5317] -> 15124	0.8506985187190982
[15124, 5317] -> 5496	0.5499303056825181
[15124, 5496] -> 5317	0.7706858799051451
[5496, 9340] -> 15124	0.8697851430773678
[15124, 9340] -> 5496	0.578593174170806
[15124, 5496] -> 9340	0.6561696482923417
[6206, 15107] -> 15124	0.7180263609192022
[15124, 15107] -> 6206	0.6802176072486237
[15124, 6206] -> 15107	0.7957146890814708
[6972, 14313] -> 15124	0.7969313929313929
[15124, 14313] -> 6972	0.6905942377815891
[15124, 6972] -> 14313	0.731405936362318
[6972, 14712] -> 15124	0.820623897707231
[15124, 14712] -> 6972	0.7787994811281279
[15124, 6972] -> 14712	0.5681979499782481
[6972, 1905] -> 15124	0.847058941539943
[15124, 1905] -> 6972	0.6734641794734785
[15124, 6972] -> 1905	0.6445051632156186
[12155, 1905] -> 15205	0.7241161313805687
[15205, 1905] -> 12155	0.6648695713355965
[15205, 12155] -> 1905	0.8273088413933484
[12317, 5317] -> 15582	0.6027128947838949
[15582, 5317] -> 12317	0.56020637870341
[15582, 12317] -> 5317	0.8540613375407401
[13050, 7617] -> 15582	0.8323955354672078
[15582, 7617] -> 13050	0.7411909650924025
[15582, 13050] -> 7617	0.6795436575172258
[14313, 5317] -> 15582	0.6145888702620927
[15582, 5317] -> 14313	0.6812763450120111
[15582, 14313] -> 5317	0.8417348776868298
[14313, 9340] -> 15582	0.5855776752502434
[15582, 9340] -> 14313	0.776090981221899
[15582, 14313] -> 9340	0.6846924204101061
[15124, 6972] -> 15582	0.5534295505369285
[15582, 6972] -> 15124	0.803875702581954
[15582, 15124] -> 6972	0.6587867610317164
[16242, 12470] -> 15582	0.5708383793478762
[15582, 12470] -> 16242	0.7576759517366269
[15582, 16242] -> 12470	0.7835597125632582
[4996, 5317] -> 15582	0.6193176133142113
[15582, 5317] -> 4996	0.561090211364426
[15582, 4996] -> 5317	0.882871746107215
[6287, 11149] -> 15582	0.8594736015907068
[15582, 11149] -> 6287	0.8116198401011967
[15582, 6287] -> 11149	0.6384895861677563
[6287, 15124] -> 15582	0.6809215085390455
[15582, 15124] -> 6287	0.8034414776185848
[15582, 6287] -> 15124	0.6875228373514114
[6287, 15205] -> 15582	0.7360903568864136
[15582, 15205] -> 6287	0.7762043138378423
[15582, 6287] -> 15205	0.5897673116841721
[6287, 2152] -> 15582	0.7756787188790191
[15582, 2152] -> 6287	0.8539524816764228
[15582, 6287] -> 2152	0.6748194391535214
[12317, 12911] -> 16242	0.8278340635268345
[16242, 12911] -> 12317	0.7561590729084163
[16242, 12317] -> 12911	0.5828045430448682
[13651, 5317] -> 16242	0.772829469922339
[16242, 5317] -> 13651	0.5739378340345173
[16242, 13651] -> 5317	0.8162746806039488
[15124, 16377] -> 16242	0.6931153719953894
[16242, 16377] -> 15124	0.7997728331780056
[16242, 15124] -> 16377	0.6079253219200828
[15124, 6037] -> 16242	0.6909987763842154
[16242, 6037] -> 15124	0.8503899954118188
[16242, 15124] -> 6037	0.5334022063978159
[15124, 7624] -> 16242	0.7072281517489168
[16242, 7624] -> 15124	0.836405673936137
[16242, 15124] -> 7624	0.5926281223480796
[15205, 2152] -> 16242	0.7642863777569071
[16242, 2152] -> 15205	0.740295702418202
[16242, 15205] -> 2152	0.6220620600440165
[5317, 9340] -> 16242	0.7512256490412108
[16242, 9340] -> 5317	0.8259382518379426
[16242, 5317] -> 9340	0.7183938636081926
[6287, 14367] -> 16242	0.7896721756753933
[16242, 14367] -> 6287	0.6442592071731145
[16242, 6287] -> 14367	0.6899765410349329
[6287, 6972] -> 16242	0.7528376653905569
[16242, 6972] -> 6287	0.6409066775576884
[16242, 6287] -> 6972	0.7162104187014505
[6692, 12317] -> 16242	0.8478665714051464
[16242, 12317] -> 6692	0.5814551237770889
[16242, 6692] -> 12317	0.7944381646382284
[7234, 14367] -> 16242	0.8408955965065691
[16242, 14367] -> 7234	0.6638966307840479
[16242, 7234] -> 14367	0.7576182000330697
[14313, 14367] -> 16377	0.6513660539491692
[16377, 14367] -> 14313	0.8175413418572035
[16377, 14313] -> 14367	0.62636923256337
[2452, 1905] -> 16377	0.6415527018012007
[16377, 1905] -> 2452	0.7222722920069847
[16377, 2452] -> 1905	0.8589850946240161
[4306, 15107] -> 16377	0.7489550438932663
[16377, 15107] -> 4306	0.7698109243697479
[16377, 4306] -> 15107	0.6868931128856897
[3860, 1905] -> 16882	0.6295634766551905
[16882, 1905] -> 3860	0.8209692482531252
[16882, 3860] -> 1905	0.8392803736167668
[1905, 15107] -> 16954	0.6331213510410475
[16954, 15107] -> 1905	0.8871558481567268
[16954, 1905] -> 15107	0.7618287102811064
[1905, 3962] -> 16954	0.6559944698616557
[16954, 3962] -> 1905	0.8867931488153058
[16954, 1905] -> 3962	0.7066558234781161
[16879, 15107] -> 1905	0.8448977693005513
[1905, 15107] -> 16879	0.5915364509115781
[1905, 16879] -> 15107	0.7720495244168127
[3962, 5317] -> 1905	0.8276660381311545
[1905, 5317] -> 3962	0.6378535041617218
[1905, 3962] -> 5317	0.7186360204833414
[3938, 1905] -> 1962	0.6528750826173165
[1962, 1905] -> 3938	0.728387293409759
[1962, 3938] -> 1905	0.8425452064141932
[12155, 1905] -> 2452	0.7630053927719614
[2452, 1905] -> 12155	0.6642511674449634
[2452, 12155] -> 1905	0.9068936073319293
[14454, 1905] -> 2452	0.7474392630423369
[2452, 1905] -> 14454	0.6529186124082722
[2452, 14454] -> 1905	0.8852833431323776
[1905, 571] -> 2452	0.7421886283761012
[2452, 571] -> 1905	0.8487023926184473
[2452, 1905] -> 571	0.6427618412274849
[1905, 15107] -> 2782	0.6372089993404392
[2782, 15107] -> 1905	0.871455934430611
[2782, 1905] -> 15107	0.7776894409937888
[2452, 11521] -> 2862	0.6114941794037984
[2862, 11521] -> 2452	0.9185108732178003
[2862, 2452] -> 11521	0.8919734741209514
[4306, 15107] -> 2862	0.7494558052549285
[2862, 15107] -> 4306	0.8304457127327083
[2862, 4306] -> 15107	0.7540718956936618
[6037, 1905] -> 2862	0.6122443835800582
[2862, 1905] -> 6037	0.7605197244834064
[2862, 6037] -> 1905	0.8647150959963927
[15124, 14313] -> 3106	0.5423374601847716
[3106, 14313] -> 15124	0.812431854738592
[3106, 15124] -> 14313	0.7408085521070195
[16377, 5317] -> 3106	0.5745866897807607
[3106, 5317] -> 16377	0.6855863292628543
[3106, 16377] -> 5317	0.819414833295532
[15124, 16954] -> 3427	0.6782489459348532
[3427, 16954] -> 15124	0.9203458052756823
[3427, 15124] -> 16954	0.6245844607653653
[15124, 7624] -> 3427	0.6385307689598084
[3427, 7624] -> 15124	0.9029650938344479
[3427, 15124] -> 7624	0.6228492891809475
[2152, 5317] -> 3427	0.546055521228048
[3427, 5317] -> 2152	0.7071788048822816
[3427, 2152] -> 5317	0.8874343649430154
[15124, 1905] -> 3624	0.6101651660033973
[3624, 1905] -> 15124	0.7259718940666305
[3624, 15124] -> 1905	0.8406086908751303
[1905, 15107] -> 3624	0.6488938107141984
[3624, 15107] -> 1905	0.885513317702488
[3624, 1905] -> 15107	0.7561653714405001
[1905, 5317] -> 3624	0.5825522536268739
[3624, 5317] -> 1905	0.8272553223199238
[3624, 1905] -> 5317	0.6847049446326396
[4432, 1905] -> 3624	0.6718926254935138
[3624, 1905] -> 4432	0.7234383747521042
[3624, 4432] -> 1905	0.8599449570258747
[1905, 3962] -> 3860	0.7103771954558271
[3860, 3962] -> 1905	0.8728709374580893
[3860, 1905] -> 3962	0.6739061030433244
[11283, 5317] -> 3938	0.5899068373037619
[3938, 5317] -> 11283	0.7350082339237659
[3938, 11283] -> 5317	0.7545096583998187
[12155, 1905] -> 3938	0.7591452025402542
[3938, 1905] -> 12155	0.6984269662921349
[3938, 12155] -> 1905	0.8526244446117931
[6037, 2372] -> 3938	0.7078418840663916
[3938, 2372] -> 6037	0.851855304866679
[3938, 6037] -> 2372	0.7722115404931437
[14313, 5317] -> 4432	0.4912499488898884
[4432, 5317] -> 14313	0.7132454066034095
[4432, 14313] -> 5317	0.7877327563598217
[15205, 1905] -> 4432	0.6812808921566903
[4432, 1905] -> 15205	0.6826618020304569
[4432, 15205] -> 1905	0.8033997448635642
[2452, 11521] -> 4432	0.645027524988215
[4432, 11521] -> 2452	0.8789343610848005
[4432, 2452] -> 11521	0.8851695101092057
[9340, 14712] -> 5317	0.8509864458711948
[5317, 14712] -> 9340	0.7327995971802618
[5317, 9340] -> 14712	0.5548168197933742
[6037, 1905] -> 5496	0.6470098969972946
[5496, 1905] -> 6037	0.7538347086404525
[5496, 6037] -> 1905	0.85410243328971
[11064, 571] -> 5926	0.6966264466880079
[5926, 571] -> 11064	0.8301524779070686
[5926, 11064] -> 571	0.8170124850046653
[14313, 15107] -> 6037	0.7682421357054113
[6037, 15107] -> 14313	0.6585787165488232
[6037, 14313] -> 15107	0.7863531926262357
[15205, 15107] -> 6037	0.7897711866174415
[6037, 15107] -> 15205	0.6777767833169247
[6037, 15205] -> 15107	0.7742990940880554
[1905, 571] -> 6037	0.7190024553463964
[6037, 571] -> 1905	0.8439039826409295
[6037, 1905] -> 571	0.6273587283450675
[5317, 15107] -> 6206	0.7046962331227664
[6206, 15107] -> 5317	0.7400950561026998
[6206, 5317] -> 15107	0.7674399699214504
[11283, 14313] -> 6287	0.6978246764949717
[6287, 14313] -> 11283	0.6421410506239894
[6287, 11283] -> 14313	0.6714907564774029
[11283, 14550] -> 6287	0.7001957790413385
[6287, 14550] -> 11283	0.8340548984601651
[6287, 11283] -> 14550	0.6481564982137283
[11283, 5317] -> 6287	0.7324876696431449
[6287, 5317] -> 11283	0.6248496139805718
[6287, 11283] -> 5317	0.788127362907981
[12470, 1905] -> 6287	0.7275249060430711
[6287, 1905] -> 12470	0.6668702039625978
[6287, 12470] -> 1905	0.6451166399238271
[12470, 7617] -> 6287	0.8655505060692715
[6287, 7617] -> 12470	0.6370774054375071
[6287, 12470] -> 7617	0.6431153351083526
[15124, 15107] -> 6287	0.7096001559642396
[6287, 15107] -> 15124	0.7897015218357079
[6287, 15124] -> 15107	0.5885396615180868
[1905, 3962] -> 6287	0.6675550057757201
[6287, 3962] -> 1905	0.8365304610474725
[6287, 1905] -> 3962	0.6688751982210233
[2152, 14538] -> 6287	0.841394662072977
[6287, 14538] -> 2152	0.6992432975123638
[6287, 2152] -> 14538	0.6721863773659095
[3938, 1905] -> 6287	0.6407138136153337
[6287, 1905] -> 3938	0.6626050343583108
[6287, 3938] -> 1905	0.8217296955175297
[5317, 9340] -> 6287	0.6592581296938737
[6287, 9340] -> 5317	0.8484030809988716
[6287, 5317] -> 9340	0.5944286706219623
[6972, 14313] -> 6287	0.6443659043659044
[6287, 14313] -> 6972	0.6425224926406568
[6287, 6972] -> 14313	0.743453940109189
[7234, 14313] -> 6287	0.6435758578615721
[6287, 14313] -> 7234	0.6385753969899249
[6287, 7234] -> 14313	0.8198726684268802
[7617, 14538] -> 6287	0.8774586868602012
[6287, 14538] -> 7617	0.6796936005652028
[6287, 7617] -> 14538	0.6385621086278722
[5317, 9340] -> 6386	0.5507376767946323
[6386, 9340] -> 5317	0.8829454332094662
[6386, 5317] -> 9340	0.6061104444798738
[15124, 14313] -> 6692	0.5378262686825304
[6692, 14313] -> 15124	0.8154363882697435
[6692, 15124] -> 14313	0.7671953864657326
[12672, 5317] -> 7234	0.707266645210997
[7234, 5317] -> 12672	0.6288293287781699
[7234, 12672] -> 5317	0.8186600440255123
[14367, 5317] -> 7234	0.6463227295751023
[7234, 5317] -> 14367	0.6749156745601638
[7234, 14367] -> 5317	0.8402802517515735
[14367, 9340] -> 7234	0.6916295780956647
[7234, 9340] -> 14367	0.7299610738390047
[7234, 14367] -> 9340	0.7834526238516265
[6972, 15205] -> 7234	0.6264427307075203
[7234, 15205] -> 6972	0.7577000125203456
[7234, 6972] -> 15205	0.7661816992498655
[1905, 5317] -> 7624	0.6313545980769696
[7624, 5317] -> 1905	0.7045722780305419
[7624, 1905] -> 5317	0.7808141218287288
[1905, 11521] -> 8387	0.6424344183262958
[8387, 11521] -> 1905	0.8962926025999327
[8387, 1905] -> 11521	0.8076702022049219
[14410, 1905] -> 8644	0.6890742144722433
[8644, 1905] -> 14410	0.6794646977388095
[8644, 14410] -> 1905	0.8923852699459381
[2452, 1905] -> 8644	0.6738492328218812
[8644, 1905] -> 2452	0.7458052607291186
[8644, 2452] -> 1905	0.891704001235903
[3860, 15107] -> 8644	0.7555158780767759
[8644, 15107] -> 3860	0.7518060057011208
[8644, 3860] -> 15107	0.8285225548945143
[5317, 15107] -> 8644	0.6850174020957162
[8644, 15107] -> 5317	0.7166816353625678
[8644, 5317] -> 15107	0.7961868404784885
