[1905, 4306] -> 10042	0.6694891701098739
[10042, 4306] -> 1905	0.8630527987770652
[10042, 1905] -> 4306	0.7665690767141888
[1905, 15107] -> 11064	0.6350267488539113
[11064, 15107] -> 1905	0.8456258674531576
[11064, 1905] -> 15107	0.7673015997953521
[1905, 5317] -> 11089	0.5949365044765756
[11089, 5317] -> 1905	0.8183019454561606
[11089, 1905] -> 5317	0.7347404733892999
[2452, 11521] -> 11089	0.6317484160148291
[11089, 11521] -> 2452	0.9163064514259888
[11089, 2452] -> 11521	0.893889548357922
[11064, 1905] -> 11283	0.771955371022649
[11283, 1905] -> 11064	0.6500575822099969
[11283, 11064] -> 1905	0.7780488288609905
[12918, 1905] -> 11283	0.7967666484631791
[11283, 1905] -> 12918	0.6406704391989858
[11283, 12918] -> 1905	0.8050786577684307
[14313, 15107] -> 11283	0.772741984318393
[11283, 15107] -> 14313	0.6882846355571262
[11283, 14313] -> 15107	0.6669610352160905
[14454, 1905] -> 11283	0.7005679919812897
[11283, 1905] -> 14454	0.608034996727342
[11283, 14454] -> 1905	0.858590231061714
[15124, 11064] -> 11283	0.7421753313545126
[11283, 11064] -> 15124	0.7512941036472899
[11283, 15124] -> 11064	0.6268938296939257
[15124, 4432] -> 11283	0.7123534449661852
[11283, 4432] -> 15124	0.7767520743658827
[11283, 15124] -> 4432	0.5987687521203445
[15124, 5317] -> 11283	0.5997860546533114
[11283, 5317] -> 15124	0.7455755778343702
[11283, 15124] -> 5317	0.7655085103390069
[15124, 9340] -> 11283	0.6133472199967954
[11283, 9340] -> 15124	0.8012768852373228
[11283, 15124] -> 9340	0.6334803438888568
[16377, 15107] -> 11283	0.815609243697479
[11283, 15107] -> 16377	0.7220599996280246
[11283, 16377] -> 15107	0.6614024327915773
[16377, 6972] -> 11283	0.700980062131515
[11283, 6972] -> 16377	0.7423405988999797
[11283, 16377] -> 6972	0.6208303519711065
[16954, 2452] -> 11283	0.8127788041274276
[11283, 2452] -> 16954	0.7064375581338426
[11283, 16954] -> 2452	0.7332743884468023
[2152, 5317] -> 11283	0.6394097984768513
[11283, 5317] -> 2152	0.6921923858031656
[11283, 2152] -> 5317	0.8546523776829159
[2452, 15107] -> 11283	0.7614268831960963
[11283, 15107] -> 2452	0.7429743151003403
[11283, 2452] -> 15107	0.7822489841875948
[2452, 2782] -> 11283	0.8459179891505779
[11283, 2782] -> 2452	0.7134278028265071
[11283, 2452] -> 2782	0.7374357468056983
[2452, 4306] -> 11283	0.8323691460055097
[11283, 4306] -> 2452	0.7006939241499875
[11283, 2452] -> 4306	0.7691682576981447
[2782, 4306] -> 11283	0.8698037171006181
[11283, 4306] -> 2782	0.7142156338078419
[11283, 2782] -> 4306	0.7584870988519684
[4306, 571] -> 11283	0.819357375098285
[11283, 571] -> 4306	0.7395086117610956
[11283, 4306] -> 571	0.687796567840451
[4640, 1905] -> 11283	0.8626684353836488
[11283, 1905] -> 4640	0.614232333860825
[11283, 4640] -> 1905	0.777938676572436
[4656, 5317] -> 11283	0.7671193266897299
[11283, 5317] -> 4656	0.5986589729538054
[11283, 4656] -> 5317	0.7839089920959044
[5317, 7617] -> 11283	0.6878824626865672
[11283, 7617] -> 5317	0.806670750650885
[11283, 5317] -> 7617	0.5942829051287837
[6037, 2452] -> 11283	0.7565677923839541
[11283, 2452] -> 6037	0.7426934939051256
[11283, 6037] -> 2452	0.7478630371984344
[7624, 15107] -> 11283	0.8118823799778943
[11283, 15107] -> 7624	0.6899120278237582
[11283, 7624] -> 15107	0.7280140521657213
[7624, 5317] -> 11283	0.7133384386684084
[11283, 5317] -> 7624	0.6380919377196093
[11283, 7624] -> 5317	0.7769611210331089
[14313, 5317] -> 1145	0.5407313516239387
[1145, 5317] -> 14313	0.6770596015188362
[1145, 14313] -> 5317	0.8916707870724143
[5317, 14538] -> 1145	0.7080666038549931
[1145, 14538] -> 5317	0.8836205001977935
[1145, 5317] -> 14538	0.6861470199240581
[12470, 14367] -> 12317	0.784696401086073
[12317, 14367] -> 12470	0.8252052851258082
[12317, 12470] -> 14367	0.7537564476339986
[12470, 6972] -> 12317	0.7564372946196478
[12317, 6972] -> 12470	0.8132492002671634
[12317, 12470] -> 6972	0.7686327278164012
[15124, 13651] -> 12317	0.7434339262711781
[12317, 13651] -> 15124	0.8017242293458321
[12317, 15124] -> 13651	0.6050723477815482
[15124, 16954] -> 12317	0.7128838476176262
[12317, 16954] -> 15124	0.8226922869906884
[12317, 15124] -> 16954	0.611626864716051
[16377, 5317] -> 12317	0.6339888511606084
[12317, 5317] -> 16377	0.6479576079712618
[12317, 16377] -> 5317	0.7998836182679188
[16377, 9340] -> 12317	0.7076651809766371
[12317, 9340] -> 16377	0.6697445881425856
[12317, 16377] -> 9340	0.7247973352596516
[1905, 5317] -> 12317	0.606553803676524
[12317, 5317] -> 1905	0.6106207636416834
[12317, 1905] -> 5317	0.78401335698633
[6287, 5317] -> 12317	0.5865707862696705
[12317, 5317] -> 6287	0.693438013036199
[12317, 6287] -> 5317	0.8201120755115968
[7234, 6972] -> 12317	0.785763269784666
[12317, 6972] -> 7234	0.6545242029036453
[12317, 7234] -> 6972	0.762022182205124
[13651, 14367] -> 12470	0.8349347581810259
[12470, 14367] -> 13651	0.6296629368936236
[12470, 13651] -> 14367	0.7338230996362024
[14313, 1905] -> 12470	0.6956676201060321
[12470, 1905] -> 14313	0.7593012388395076
[12470, 14313] -> 1905	0.5967400392257983
[14367, 2152] -> 12470	0.8408290750162791
[12470, 2152] -> 14367	0.7082167458377102
[12470, 14367] -> 2152	0.6587776490323919
[3860, 5317] -> 12470	0.6572263328328238
[12470, 5317] -> 3860	0.5242465565632733
[12470, 3860] -> 5317	0.847987955744363
[4996, 2152] -> 12470	0.8385931874826916
[12470, 2152] -> 4996	0.7037453636135461
[12470, 4996] -> 2152	0.6923154304108862
[6972, 14367] -> 12470	0.8286960094115889
[12470, 14367] -> 6972	0.7674714214067067
[12470, 6972] -> 14367	0.7255137574182157
[6972, 2152] -> 12470	0.8307720849695434
[12470, 2152] -> 6972	0.7492958270197912
[12470, 6972] -> 2152	0.6588846927264702
[9340, 11677] -> 12470	0.8035291702235718
[12470, 11677] -> 9340	0.7750943317559258
[12470, 9340] -> 11677	0.6217682865647681
[12470, 5317] -> 12911	0.5786344581773054
[12911, 5317] -> 12470	0.7163580495038008
[12911, 12470] -> 5317	0.8499406503031074
[15124, 12470] -> 12911	0.5679758982370007
[12911, 12470] -> 15124	0.8092013226503879
[12911, 15124] -> 12470	0.7290182748677603
[5317, 9340] -> 12911	0.5829285959361061
[12911, 9340] -> 5317	0.841503951394545
[12911, 5317] -> 9340	0.6829237791533797
[2452, 11521] -> 12918	0.6125967768997834
[12918, 11521] -> 2452	0.898735215857275
[12918, 2452] -> 11521	0.8816014901861582
[14313, 5317] -> 13050	0.5015060446225348
[13050, 5317] -> 14313	0.6778174851711306
[13050, 14313] -> 5317	0.8585461460387087
[2152, 5317] -> 13050	0.5657090532804276
[13050, 5317] -> 2152	0.6999042110304682
[13050, 2152] -> 5317	0.8964996519707892
[5317, 7617] -> 13050	0.6870055970149254
[13050, 7617] -> 5317	0.8491721243427728
[13050, 5317] -> 7617	0.6783240614523081
[11283, 16954] -> 13728	0.7594743742187262
[13728, 16954] -> 11283	0.8299644602398933
[13728, 11283] -> 16954	0.6782783909381354
[14240, 2452] -> 13728	0.7103941684665228
[13728, 2452] -> 14240	0.809041620973445
[13728, 14240] -> 2452	0.9147469175859831
[14410, 15107] -> 13728	0.7554521331730172
[13728, 15107] -> 14410	0.7348780463212237
[13728, 14410] -> 15107	0.8229044350103876
[14691, 2782] -> 13728	0.8427009792757914
[13728, 2782] -> 14691	0.7452544233306143
[13728, 14691] -> 2782	0.7489424575465015
[14691, 4306] -> 13728	0.7992356821275259
[13728, 4306] -> 14691	0.7819526536298543
[13728, 14691] -> 4306	0.772511992227822
[15124, 16377] -> 13728	0.655171253333782
[13728, 16377] -> 15124	0.7823051344645027
[13728, 15124] -> 16377	0.7102414198808861
[15124, 1905] -> 13728	0.6931549019451466
[13728, 1905] -> 15124	0.7829596331762861
[13728, 15124] -> 1905	0.7926999443648933
[17157, 16377] -> 13728	0.7754186827452285
[13728, 16377] -> 17157	0.7260781772701245
[13728, 17157] -> 16377	0.768582913290372
[1905, 15107] -> 13728	0.6986295792653633
[13728, 15107] -> 1905	0.865099771116287
[13728, 1905] -> 15107	0.772906213121695
[6972, 5317] -> 13728	0.5618240640887383
[13728, 5317] -> 6972	0.7081852607049228
[13728, 6972] -> 5317	0.7897780184082296
[11283, 1905] -> 14240	0.6554678243866873
[14240, 1905] -> 11283	0.7332338548231631
[14240, 11283] -> 1905	0.8842504107567986
[14550, 2452] -> 14240	0.8222774919650665
[14240, 2452] -> 14550	0.6515838732901368
[14240, 14550] -> 2452	0.9185993402689672
[5317, 11521] -> 14240	0.7802117114360888
[14240, 11521] -> 5317	0.669671930254543
[14240, 5317] -> 11521	0.8869438197036796
[1905, 4306] -> 14313	0.6864983046450871
[14313, 4306] -> 1905	0.7685334992740095
[14313, 1905] -> 4306	0.6750168521926069
[2152, 5317] -> 14367	0.5960752492052975
[14367, 5317] -> 2152	0.6648647750956994
[14367, 2152] -> 5317	0.88369552021367
[11521, 15107] -> 14410	0.7446612322572419
[14410, 15107] -> 11521	0.7868589079149219
[14410, 11521] -> 15107	0.8057935016824296
[1905, 6206] -> 14410	0.681420157488997
[14410, 6206] -> 1905	0.8821024585776647
[14410, 1905] -> 6206	0.694137908441674
[2452, 11521] -> 14550	0.6289519730902293
[14550, 11521] -> 2452	0.9114476594069494
[14550, 2452] -> 11521	0.8939956617037467
[11283, 1905] -> 14691	0.6928175513890154
[14691, 1905] -> 11283	0.7815119767474462
[14691, 11283] -> 1905	0.8318180009549578
[15124, 11521] -> 14691	0.756874504922485
[14691, 11521] -> 15124	0.8082860854590681
[14691, 15124] -> 11521	0.7501962836953677
[15124, 14410] -> 14691	0.7713403411182461
[14691, 14410] -> 15124	0.8365104183993701
[14691, 15124] -> 14410	0.7050697274460687
[15124, 1905] -> 14691	0.6850919937155571
[14691, 1905] -> 15124	0.8028392788717651
[14691, 15124] -> 1905	0.8029218230081878
[1905, 15107] -> 14691	0.6831828286200522
[14691, 15107] -> 1905	0.8664146968617368
[14691, 1905] -> 15107	0.7841288236338657
[2862, 1905] -> 14691	0.7649968691296181
[14691, 1905] -> 2862	0.6850718231011504
[14691, 2862] -> 1905	0.8295365812255985
[3860, 1905] -> 14691	0.650643265771013
[14691, 1905] -> 3860	0.7047262123945084
[14691, 3860] -> 1905	0.8796355703836777
[12470, 15107] -> 15124	0.8514534817546495
[15124, 15107] -> 12470	0.6944771948717472
[15124, 12470] -> 15107	0.556475489102135
[12470, 6972] -> 15124	0.8022136119149215
[15124, 6972] -> 12470	0.7490135319753021
[15124, 12470] -> 6972	0.7300304991445362
[12672, 5317] -> 15124	0.7288978612598379
[15124, 5317] -> 12672	0.48454731109598365
[15124, 12672] -> 5317	0.8174986874343717
[12918, 16377] -> 15124	0.866301762165408
[15124, 16377] -> 12918	0.6311680226150312
[15124, 12918] -> 16377	0.6721800603904773
[12918, 2452] -> 15124	0.8714944405477812
[15124, 2452] -> 12918	0.7128091789711275
[15124, 12918] -> 2452	0.679106149255871
[12918, 7624] -> 15124	0.8831620535563536
[15124, 7624] -> 12918	0.6909454366127725
[15124, 12918] -> 7624	0.7030114598546686
[14367, 5317] -> 15124	0.7886804673292978
[15124, 5317] -> 14367	0.6157736069240494
[15124, 14367] -> 5317	0.8055433049496217
[14367, 9340] -> 15124	0.7897054198553307
[15124, 9340] -> 14367	0.6638599583400097
[15124, 14367] -> 9340	0.7027767411880449
[16377, 15107] -> 15124	0.7734873949579832
[15124, 15107] -> 16377	0.683606116026254
[15124, 16377] -> 15107	0.6195239737840634
[16377, 4996] -> 15124	0.7968064224432633
[15124, 4996] -> 16377	0.6322550160566314
[15124, 16377] -> 4996	0.6079135782734164
[16377, 5317] -> 15124	0.734248884718456
[15124, 5317] -> 16377	0.5986190800350093
[15124, 16377] -> 5317	0.776836419623251
[16377, 9340] -> 15124	0.774580006857031
[15124, 9340] -> 16377	0.633496234577792
[15124, 16377] -> 9340	0.6652672494299969
[2452, 3962] -> 15124	0.7801892581468205
[15124, 3962] -> 2452	0.7568219555750494
[15124, 2452] -> 3962	0.6815668202764977
[2862, 1905] -> 15124	0.7831976622834481
[15124, 1905] -> 2862	0.5985054510363748
[15124, 2862] -> 1905	0.8061487560692648
[3860, 1905] -> 15124	0.7302166653723693
[15124, 1905] -> 3860	0.6749156624584293
[15124, 3860] -> 1905	0.811310625161779
[4432, 15107] -> 15124	0.7373650361698171
[15124, 15107] -> 4432	0.6993046594316589
[15124, 4432] -> 15107	0.7415315554768023
[4432, 5317] -> 15124	0.7790321463554601
[15124, 5317] -> 4432	0.5104606308146131
[15124, 4432] -> 5317	0.7750903202307473
[5317, 14538] -> 15124	0.712478096630183
[15124, 14538] -> 5317	0.8480484635056387
[15124, 5317] -> 14538	0.524581023696068
[5317, 14712] -> 15124	0.7943605236656596
[15124, 14712] -> 5317	0.8251736546991381
[15124, 5317] -> 14712	0.5113942105092548
[5317, 4306] -> 15124	0.7834275131772639
[15124, 4306] -> 5317	0.7680583229362582
[15124, 5317] -> 4306	0.5348050179908587
[7234, 15205] -> 15124	0.7696152080464087
[15124, 15205] -> 7234	0.5747557231685081
[15124, 7234] -> 15205	0.7059133147674964
[7624, 14367] -> 15124	0.8390102495082307
[15124, 14367] -> 7624	0.6185839807307393
[15124, 7624] -> 14367	0.6422910282151538
[14367, 5317] -> 15205	0.6993332170822641
[15205, 5317] -> 14367	0.6495700127260807
[15205, 14367] -> 5317	0.8221157131282762
[14367, 9340] -> 15205	0.7480105595212
[15205, 9340] -> 14367	0.6803567868380677
[15205, 14367] -> 9340	0.766162646544908
[5317, 14712] -> 15205	0.7352970795568983
[15205, 14712] -> 5317	0.8238831905938638
[15205, 5317] -> 14712	0.5631483552504724
[5317, 9340] -> 15205	0.7070641607258586
[15205, 9340] -> 5317	0.8038539219680486
[15205, 5317] -> 9340	0.715244302186572
[1145, 14538] -> 15582	0.8539185090765241
[15582, 14538] -> 1145	0.6871092955604482
[15582, 1145] -> 14538	0.7412812881562882
[12470, 5317] -> 15582	0.6177117830833279
[15582, 5317] -> 12470	0.6467313299793017
[15582, 12470] -> 5317	0.8709890735955399
[13050, 11149] -> 15582	0.8679942130582575
[15582, 11149] -> 13050	0.7292887566830386
[15582, 13050] -> 11149	0.6946421175496065
[14313, 2152] -> 15582	0.6545524169130481
[15582, 2152] -> 14313	0.7231147621624281
[15582, 14313] -> 2152	0.6860084186554418
[15124, 14313] -> 15582	0.5718187452257758
[15582, 14313] -> 15124	0.740589679213761
[15582, 15124] -> 14313	0.720902343075707
[15124, 14538] -> 15582	0.7859598373370226
[15582, 14538] -> 15124	0.6630591439207053
[15582, 15124] -> 14538	0.6812999118734612
[5317, 11149] -> 15582	0.8548148752076475
[15582, 11149] -> 5317	0.8289142100425936
[15582, 5317] -> 11149	0.6336173684449078
[11283, 15124] -> 16242	0.6698964858133434
[16242, 15124] -> 11283	0.5974172600819098
[16242, 11283] -> 15124	0.8320041929582964
[11283, 5317] -> 16242	0.6352309725669707
[16242, 5317] -> 11283	0.5747180074225843
[16242, 11283] -> 5317	0.8100425461944792
[12911, 5317] -> 16242	0.7191539155523399
[16242, 5317] -> 12911	0.5870257894698467
[16242, 12911] -> 5317	0.8390303889282588
[12911, 9340] -> 16242	0.7938890967926563
[16242, 9340] -> 12911	0.6046390758732846
[16242, 12911] -> 9340	0.7516778523489932
[15124, 14367] -> 16242	0.7877073650642874
[16242, 14367] -> 15124	0.7916080697537651
[16242, 15124] -> 14367	0.6853632439213372
[15124, 4996] -> 16242	0.8133843178775496
[16242, 4996] -> 15124	0.796415291557429
[16242, 15124] -> 4996	0.6859462052171347
[15124, 5317] -> 16242	0.696943174819281
[16242, 5317] -> 15124	0.7838190581046891
[16242, 15124] -> 5317	0.7932701176991478
[15124, 7234] -> 16242	0.7686256495650426
[16242, 7234] -> 15124	0.7811852586735141
[16242, 15124] -> 7234	0.5926723978895326
[15124, 9340] -> 16242	0.7505527960262779
[16242, 9340] -> 15124	0.7853400508001441
[16242, 15124] -> 9340	0.6913183042467624
[16377, 6972] -> 16242	0.7610437325074779
[16242, 6972] -> 16377	0.6463385746375332
[16242, 16377] -> 6972	0.7681733457595527
[16384, 12470] -> 16242	0.8036498890677339
[16242, 12470] -> 16384	0.5663851118299021
[16242, 16384] -> 12470	0.8133000209119826
[2152, 5317] -> 16242	0.6570607547254089
[16242, 5317] -> 2152	0.6435409663942135
[16242, 2152] -> 5317	0.882318834784521
[2152, 9340] -> 16242	0.7703476168535299
[16242, 9340] -> 2152	0.6306930112078866
[16242, 2152] -> 9340	0.7521118031049754
[4996, 11677] -> 16242	0.8540630371188234
[16242, 11677] -> 4996	0.7663442584440654
[16242, 4996] -> 11677	0.6428485751983413
[6287, 14313] -> 16242	0.6860815125005183
[16242, 14313] -> 6287	0.6539209332469216
[16242, 6287] -> 14313	0.7552326271302475
[7234, 14313] -> 16242	0.7331728760300188
[16242, 14313] -> 7234	0.693375274647108
[16242, 7234] -> 14313	0.853296762082616
[14550, 4306] -> 16377	0.7905817737998373
[16377, 4306] -> 14550	0.7285457203914071
[16377, 14550] -> 4306	0.7941356763383735
[3860, 1905] -> 16377	0.6430414261430802
[16377, 1905] -> 3860	0.6996376199327813
[16377, 3860] -> 1905	0.8105809286592197
[12470, 6972] -> 16384	0.5923700688279627
[16384, 6972] -> 12470	0.8068024938766422
[16384, 12470] -> 6972	0.7881302475312132
[16377, 5317] -> 16384	0.5930116975340548
[16384, 5317] -> 16377	0.7390270248842994
[16384, 16377] -> 5317	0.7744384327001963
[6287, 5317] -> 16384	0.497473514873607
[16384, 5317] -> 6287	0.7171157600562895
[16384, 6287] -> 5317	0.8131658201105767
[2452, 11521] -> 16954	0.6464577057982247
[16954, 11521] -> 2452	0.9056210964607911
[16954, 2452] -> 11521	0.9114360383904836
[11283, 14313] -> 17157	0.6705925819125546
[17157, 14313] -> 11283	0.8119162957144105
[17157, 11283] -> 14313	0.7346126889171875
[11283, 14550] -> 17157	0.7073243843264359
[17157, 14550] -> 11283	0.8660778803693296
[17157, 11283] -> 14550	0.7453924442996614
[11283, 1905] -> 17157	0.6475057375079745
[17157, 1905] -> 11283	0.8402447022395201
[17157, 11283] -> 1905	0.7714830060907593
[15124, 1905] -> 17157	0.5830495498010192
[17157, 1905] -> 15124	0.7860145574179399
[17157, 15124] -> 1905	0.7797853958231117
[1905, 15107] -> 17157	0.5963325163465218
[17157, 15107] -> 1905	0.8540823585664804
[17157, 1905] -> 15107	0.7873799873133285
[15124, 5317] -> 17169	0.4756912703815359
[17169, 5317] -> 15124	0.7537573323197354
[17169, 15124] -> 5317	0.7989829364171921
[2372, 11521] -> 1905	0.8958231618006054
[1905, 11521] -> 2372	0.6100425574359145
[1905, 2372] -> 11521	0.7338492765795762
[3962, 4306] -> 1905	0.8693372341622596
[1905, 4306] -> 3962	0.7157362287154213
[1905, 3962] -> 4306	0.7027095858763178
[5317, 15107] -> 1905	0.814604697166211
[1905, 15107] -> 5317	0.7108762387121466
[1905, 5317] -> 15107	0.7048043465975602
[5317, 9340] -> 1905	0.5889062559566925
[1905, 9340] -> 5317	0.8006592859808435
[1905, 5317] -> 9340	0.6235559107752671
[2152, 5317] -> 1962	0.5414771416022096
[1962, 5317] -> 2152	0.7296557120500783
[1962, 2152] -> 5317	0.8760719791867412
[5317, 15107] -> 2152	0.6886844388873856
[2152, 15107] -> 5317	0.86198962907596
[2152, 5317] -> 15107	0.5494576667386304
[5317, 7617] -> 2152	0.7181809701492538
[2152, 7617] -> 5317	0.8788698630136986
[2152, 5317] -> 7617	0.5731461284775213
[1905, 2372] -> 2452	0.741498435172131
[2452, 2372] -> 1905	0.8993317891315684
[2452, 1905] -> 2372	0.6183955970647098
[1905, 6206] -> 2452	0.7465015206784708
[2452, 6206] -> 1905	0.8822239113910305
[2452, 1905] -> 6206	0.677484989993329
[3962, 11521] -> 2452	0.9092401399628494
[2452, 11521] -> 3962	0.6726803505940444
[2452, 3962] -> 11521	0.9063721215644479
[14550, 4306] -> 2862	0.763852725793328
[2862, 4306] -> 14550	0.7722411878418953
[2862, 14550] -> 4306	0.8300030944697405
[2452, 1905] -> 2862	0.6236574382921948
[2862, 1905] -> 2452	0.7805155499895636
[2862, 2452] -> 1905	0.8716361898768108
[15124, 15205] -> 3427	0.6368885287288255
[3427, 15205] -> 15124	0.9076644605339138
[3427, 15124] -> 15205	0.7021174247304901
[15124, 4996] -> 3427	0.6650420447485628
[3427, 4996] -> 15124	0.9315919788193764
[3427, 15124] -> 4996	0.6528626036163724
[15124, 5317] -> 3427	0.6064831923239004
[3427, 5317] -> 15124	0.9019012359962207
[3427, 15124] -> 5317	0.8035648327105613
[15124, 9340] -> 3427	0.6174331036692838
[3427, 9340] -> 15124	0.9211608338114363
[3427, 15124] -> 9340	0.6620109092470902
[1905, 5317] -> 3427	0.5822131802659304
[3427, 5317] -> 1905	0.6952912593278187
[3427, 1905] -> 5317	0.7912684741225136
[15205, 1905] -> 3624	0.6587834866581064
[3624, 1905] -> 15205	0.7107612893430879
[3624, 15205] -> 1905	0.8295219216159648
[2452, 11521] -> 3624	0.6204427967625181
[3624, 11521] -> 2452	0.883928469795449
[3624, 2452] -> 11521	0.8938692819485692
[6037, 1905] -> 3624	0.6693999630332869
[3624, 1905] -> 6037	0.7560325277311243
[3624, 6037] -> 1905	0.8727216964598667
[11521, 15107] -> 3860	0.731899198571751
[3860, 15107] -> 11521	0.731971000559191
[3860, 11521] -> 15107	0.7937446808510639
[1905, 15107] -> 3860	0.7221539138011058
[3860, 15107] -> 1905	0.870051896834195
[3860, 1905] -> 15107	0.7652489796622747
[2152, 5317] -> 3860	0.5886828411265047
[3860, 5317] -> 2152	0.7152703656131845
[3860, 2152] -> 5317	0.8641902451285749
[6037, 2452] -> 3860	0.7308551594821568
[3860, 2452] -> 6037	0.783426347638292
[3860, 6037] -> 2452	0.7468861482009989
[11283, 4306] -> 3938	0.6482304042241964
[3938, 4306] -> 11283	0.8372251085741933
[3938, 11283] -> 4306	0.749139299482549
[2452, 1905] -> 3938	0.6887925283522348
[3938, 1905] -> 2452	0.7279136373650583
[3938, 2452] -> 1905	0.898646590365116
[6037, 1905] -> 4432	0.7263455043435887
[4432, 1905] -> 6037	0.7618972081218274
[4432, 6037] -> 1905	0.8517551551216244
[2452, 1905] -> 5496	0.6225150100066711
[5496, 1905] -> 2452	0.7307432531641853
[5496, 2452] -> 1905	0.8904103053435114
[11089, 1905] -> 6037	0.731629743364773
[6037, 1905] -> 11089	0.6165123586443298
[6037, 11089] -> 1905	0.8832571015888302
[11521, 15107] -> 6037	0.7972396339130691
[6037, 15107] -> 11521	0.7274053521883111
[6037, 11521] -> 15107	0.8231677672892274
[14410, 11521] -> 6037	0.7719750766911866
[6037, 11521] -> 14410	0.7366102175586435
[6037, 14410] -> 11521	0.7978125891309594
[14410, 1905] -> 6037	0.7562406986212901
[6037, 1905] -> 14410	0.6788096718364055
[6037, 14410] -> 1905	0.8863292305667084
[14621, 1905] -> 6037	0.7322540346743315
[6037, 1905] -> 14621	0.6057247996236117
[6037, 14621] -> 1905	0.8848211875015343
[2452, 1905] -> 6037	0.7417028018679119
[6037, 1905] -> 2452	0.7472737049048107
[6037, 2452] -> 1905	0.8871257305858651
[2782, 1905] -> 6037	0.7493962732919255
[6037, 1905] -> 2782	0.6335422512728311
[6037, 2782] -> 1905	0.8720308994611098
[4306, 15107] -> 6037	0.7950557480250585
[6037, 15107] -> 4306	0.6962946388615412
[6037, 4306] -> 15107	0.8270030083660214
[11283, 16377] -> 6287	0.6900405465262871
[6287, 16377] -> 11283	0.7390162020143044
[6287, 11283] -> 16377	0.7024383476119455
[11283, 2152] -> 6287	0.7683711951600546
[6287, 2152] -> 11283	0.6900591589069007
[6287, 11283] -> 2152	0.6695830876487114
[11283, 2782] -> 6287	0.6892736710491418
[6287, 2782] -> 11283	0.8454513767863368
[6287, 11283] -> 2782	0.6309874787555062
[11283, 4306] -> 6287	0.7121641870919405
[6287, 4306] -> 11283	0.815077582686811
[6287, 11283] -> 4306	0.6923537164857272
[1145, 12470] -> 6287	0.8580058985824375
[6287, 12470] -> 1145	0.6360799111314865
[6287, 1145] -> 12470	0.6542612039102599
[12470, 6972] -> 6287	0.6516667484100904
[6287, 6972] -> 12470	0.7649079377872446
[6287, 12470] -> 6972	0.7028459083455292
[13050, 14538] -> 6287	0.7616417213297861
[6287, 14538] -> 13050	0.6972818205480981
[6287, 13050] -> 14538	0.7389586719866016
[14367, 5317] -> 6287	0.6727947587375134
[6287, 5317] -> 14367	0.5570229411724267
[6287, 14367] -> 5317	0.846451181546562
[15124, 1145] -> 6287	0.8231999248990831
[6287, 1145] -> 15124	0.7156809402034932
[6287, 15124] -> 1145	0.6076735913269785
[15124, 12470] -> 6287	0.6784646284311537
[6287, 12470] -> 15124	0.8041013524236066
[6287, 15124] -> 12470	0.7022652724948797
[15124, 3860] -> 6287	0.7122875303185727
[6287, 3860] -> 15124	0.7731723814974765
[6287, 15124] -> 3860	0.5720775520889478
[15124, 571] -> 6287	0.7057938879784055
[6287, 571] -> 15124	0.7729960300701072
[6287, 15124] -> 571	0.563715601275082
[1542, 5317] -> 6287	0.8368846855059252
[6287, 5317] -> 1542	0.5049189118583244
[6287, 1542] -> 5317	0.8155843290543241
[16377, 5317] -> 6287	0.70143853426956
[6287, 5317] -> 16377	0.6064114286499976
[6287, 16377] -> 5317	0.8047000437892278
[3106, 11283] -> 6287	0.8028440296289774
[6287, 11283] -> 3106	0.6325136138184593
[6287, 3106] -> 11283	0.7415268882789467
[3860, 1905] -> 6287	0.6509797830757681
[6287, 1905] -> 3860	0.6875672128757085
[6287, 3860] -> 1905	0.7850980800249753
[5317, 4306] -> 6287	0.7457619070231255
[6287, 4306] -> 5317	0.8016026949775418
[6287, 5317] -> 4306	0.5398428423129542
[15124, 5317] -> 6386	0.5374047781127428
[6386, 5317] -> 15124	0.6955602359594876
[6386, 15124] -> 5317	0.8531757876426814
[2152, 5317] -> 6386	0.6539191674049148
[6386, 5317] -> 2152	0.7370713164894733
[6386, 2152] -> 5317	0.8850544600844358
[14313, 5317] -> 6692	0.5252075070531954
[6692, 5317] -> 14313	0.7697455155607047
[6692, 14313] -> 5317	0.8420742100432674
[1905, 11521] -> 6971	0.6040745420088439
[6971, 11521] -> 1905	0.8850608308063279
[6971, 1905] -> 11521	0.7570233643399549
[2152, 5317] -> 6972	0.6375858911462328
[6972, 5317] -> 2152	0.6597211523648128
[6972, 2152] -> 5317	0.8827288374921409
[2152, 9340] -> 6972	0.7497670608713459
[6972, 9340] -> 2152	0.6458287397581648
[6972, 2152] -> 9340	0.7547282603094112
[7624, 5317] -> 6972	0.6855624127212937
[6972, 5317] -> 7624	0.5861500539208134
[6972, 7624] -> 5317	0.8055258561371936
[12470, 4996] -> 7234	0.6751044819797163
[7234, 4996] -> 12470	0.8257402042482747
[7234, 12470] -> 4996	0.7271169245619392
[12470, 5317] -> 7234	0.6175891253057425
[7234, 5317] -> 12470	0.7422026065015132
[7234, 12470] -> 5317	0.8430860756252032
[12470, 9340] -> 7234	0.6673718184554668
[7234, 9340] -> 12470	0.8028143513815267
[7234, 12470] -> 9340	0.7861455573394269
[1905, 4306] -> 7624	0.6686553890052065
[7624, 4306] -> 1905	0.8104563420768954
[7624, 1905] -> 4306	0.7206286130774683
[14691, 1905] -> 8387	0.6808381386741932
[8387, 1905] -> 14691	0.7612623439051153
[8387, 14691] -> 1905	0.8741495374203534
[6037, 2452] -> 8387	0.7309050288244799
[8387, 2452] -> 6037	0.8267093848358021
[8387, 6037] -> 2452	0.8154132033692738
[2452, 15107] -> 8644	0.7312824031716988
[8644, 15107] -> 2452	0.7490725916669921
[8644, 2452] -> 15107	0.8467259605835228
[3860, 1905] -> 8644	0.6959005289361739
[8644, 1905] -> 3860	0.7443470235348408
[8644, 3860] -> 1905	0.867661456035976
