[1905, 11521] -> 10042	0.6258353559198058
[10042, 11521] -> 1905	0.8903775883069428
[10042, 1905] -> 11521	0.7986782926001358
[1905, 571] -> 11064	0.7492176592364354
[11064, 571] -> 1905	0.7369348209042865
[11064, 1905] -> 571	0.7655601251500422
[1905, 3962] -> 11089	0.7561463667536814
[11089, 3962] -> 1905	0.8353228431904504
[11089, 1905] -> 3962	0.8288599972083192
[11064, 15107] -> 11283	0.7936112074947953
[11283, 15107] -> 11064	0.6806219428273849
[11283, 11064] -> 15107	0.7257888578171793
[12470, 6972] -> 11283	0.610934000359671
[11283, 6972] -> 12470	0.7612344673049501
[11283, 12470] -> 6972	0.7374975330570358
[14550, 8904] -> 11283	0.8648693079072826
[11283, 8904] -> 14550	0.7730349814754564
[11283, 14550] -> 8904	0.6899478234803706
[14621, 5317] -> 11283	0.8024072775049826
[11283, 5317] -> 14621	0.5807759259856226
[11283, 14621] -> 5317	0.7550184393596513
[15124, 16954] -> 11283	0.7294037535912838
[11283, 16954] -> 15124	0.7946888624653191
[11283, 15124] -> 16954	0.6470257254681306
[15124, 3860] -> 11283	0.7404730176686576
[11283, 3860] -> 15124	0.7608230971542274
[11283, 15124] -> 3860	0.639107014306637
[15124, 3962] -> 11283	0.7821569180321021
[11283, 3962] -> 15124	0.7691367660046418
[11283, 15124] -> 3962	0.6197363739418964
[16377, 5317] -> 11283	0.6871883772156528
[11283, 5317] -> 16377	0.6964314496631313
[11283, 16377] -> 5317	0.7361068520222154
[1905, 6206] -> 11283	0.7418062536179284
[11283, 6206] -> 1905	0.832213173899598
[11283, 1905] -> 6206	0.6688898647025195
[4432, 15107] -> 11283	0.7299059291091163
[11283, 15107] -> 4432	0.6934085963509216
[11283, 4432] -> 15107	0.8003885746181342
[5317, 14538] -> 11283	0.6433647098188735
[11283, 14538] -> 5317	0.8251456836969779
[11283, 5317] -> 14538	0.5888349827536186
[6037, 2372] -> 11283	0.7050239188116126
[11283, 2372] -> 6037	0.8787461829066637
[11283, 6037] -> 2372	0.7177927417208095
[6037, 6206] -> 11283	0.7477011970343371
[11283, 6206] -> 6037	0.7443253272858468
[11283, 6037] -> 6206	0.7118969919845409
[6971, 5317] -> 11283	0.8076607083379593
[11283, 5317] -> 6971	0.5862641436446279
[11283, 6971] -> 5317	0.7471319851695133
[8644, 1905] -> 11283	0.7333917858790955
[11283, 1905] -> 8644	0.6583676479117128
[11283, 8644] -> 1905	0.8531199003693205
[5317, 11149] -> 1145	0.7600358733426413
[1145, 11149] -> 5317	0.8866181610671231
[1145, 5317] -> 11149	0.6363496736208882
[1905, 5317] -> 12155	0.5820113508844164
[12155, 5317] -> 1905	0.8453465601951198
[12155, 1905] -> 5317	0.6905430128641079
[1905, 15107] -> 12232	0.59456554487049
[12232, 15107] -> 1905	0.8513431582874731
[12232, 1905] -> 15107	0.739041102822846
[12470, 13651] -> 12317	0.7773276496256211
[12317, 13651] -> 12470	0.8179485276184214
[12317, 12470] -> 13651	0.6406933957954366
[12470, 16954] -> 12317	0.7841631750218007
[12317, 16954] -> 12470	0.7937779213090047
[12317, 12470] -> 16954	0.6124774696203267
[12470, 4996] -> 12317	0.7759284492770853
[12317, 4996] -> 12470	0.8172273966269517
[12317, 12470] -> 4996	0.7047502761788476
[12470, 5317] -> 12317	0.7048637416394293
[12317, 5317] -> 12470	0.7939727897790998
[12317, 12470] -> 5317	0.8114425257282399
[12470, 9340] -> 12317	0.7432522826850397
[12317, 9340] -> 12470	0.824085662633848
[12317, 12470] -> 9340	0.7383319628217587
[14313, 2152] -> 12317	0.676851423075553
[12317, 2152] -> 14313	0.8103051237766263
[12317, 14313] -> 2152	0.6279381025950314
[15124, 12470] -> 12317	0.7129063453098267
[12317, 12470] -> 15124	0.7960263470467551
[12317, 15124] -> 12470	0.7669825212881746
[15124, 5496] -> 12317	0.6763035715908161
[12317, 5496] -> 15124	0.8905532159264931
[12317, 15124] -> 5496	0.5957167552340098
[16384, 15124] -> 12317	0.7315094040155544
[12317, 15124] -> 16384	0.5901626224470197
[12317, 16384] -> 15124	0.8149818197893528
[7234, 5317] -> 12317	0.6931854639416615
[12317, 5317] -> 7234	0.6497212333999772
[12317, 7234] -> 5317	0.8179483506589178
[7234, 9340] -> 12317	0.7522204005270622
[12317, 9340] -> 7234	0.6933203541463867
[12317, 7234] -> 9340	0.7651735286895309
[14313, 7624] -> 12470	0.7459800233995029
[12470, 7624] -> 14313	0.7733172956447651
[12470, 14313] -> 7624	0.6028426982973503
[1905, 15107] -> 12470	0.6029199814345854
[12470, 15107] -> 1905	0.8427690136356393
[12470, 1905] -> 15107	0.7361848515579948
[4996, 14367] -> 12470	0.8350703782258801
[12470, 14367] -> 4996	0.7115421199176798
[12470, 4996] -> 14367	0.7525171697957915
[6972, 13651] -> 12470	0.826053558092393
[12470, 13651] -> 6972	0.7802602009452692
[12470, 6972] -> 13651	0.6329066326614023
[6972, 16954] -> 12470	0.8012381454162276
[12470, 16954] -> 6972	0.7762724121062595
[12470, 6972] -> 16954	0.5966942959438913
[1905, 15107] -> 12582	0.6068203470429692
[12582, 15107] -> 1905	0.8525195904593034
[12582, 1905] -> 15107	0.7515884381870626
[6037, 1905] -> 12582	0.6215784786517231
[12582, 1905] -> 6037	0.7461524497246707
[12582, 6037] -> 1905	0.8412817538832412
[15124, 14313] -> 12911	0.5556908752864536
[12911, 14313] -> 15124	0.7767726727845998
[12911, 15124] -> 14313	0.7362556571886876
[15205, 5317] -> 12911	0.5675986271258339
[12911, 5317] -> 15205	0.657359023144054
[12911, 15205] -> 5317	0.8201036384911128
[6287, 5317] -> 12911	0.5441052117778893
[12911, 5317] -> 6287	0.7069610811873052
[12911, 6287] -> 5317	0.8443123993215204
[15124, 5317] -> 13050	0.495387208661545
[13050, 5317] -> 15124	0.7037818222009358
[13050, 15124] -> 5317	0.8623487721198989
[5317, 9340] -> 13651	0.55879684342953
[13651, 9340] -> 5317	0.8226861985743953
[13651, 5317] -> 9340	0.7195566159072389
[11283, 12470] -> 13728	0.7154331951845273
[13728, 12470] -> 11283	0.7990874122405792
[13728, 11283] -> 12470	0.6580562009875108
[11283, 6972] -> 13728	0.7428804237115503
[13728, 6972] -> 11283	0.7897780184082296
[13728, 11283] -> 6972	0.6619953528899216
[14410, 1905] -> 13728	0.7350312151929539
[13728, 1905] -> 14410	0.7074328645941247
[13728, 14410] -> 1905	0.8866633547105048
[14691, 11283] -> 13728	0.7927542575202929
[13728, 11283] -> 14691	0.7233335753703166
[13728, 14691] -> 11283	0.8065051510919505
[14691, 14313] -> 13728	0.8082667321516275
[13728, 14313] -> 14691	0.7011270551327484
[13728, 14691] -> 14313	0.7328010200983666
[15124, 11521] -> 13728	0.7310927539511901
[13728, 11521] -> 15124	0.8055024519990026
[13728, 15124] -> 11521	0.7070948441760988
[15124, 14410] -> 13728	0.7503885639494458
[13728, 14410] -> 15124	0.8285723963508265
[13728, 15124] -> 14410	0.6693085741907828
[15124, 2452] -> 13728	0.7402520455186683
[13728, 2452] -> 15124	0.8067048610755245
[13728, 15124] -> 2452	0.7178844066652682
[15124, 6037] -> 13728	0.7166564698684613
[13728, 6037] -> 15124	0.7930184587718835
[13728, 15124] -> 6037	0.6837463403956477
[15124, 7624] -> 13728	0.6744865969213427
[13728, 7624] -> 15124	0.8340992747152223
[13728, 15124] -> 7624	0.6985580474813713
[16377, 1905] -> 13728	0.732261214067106
[13728, 1905] -> 16377	0.7026493824713756
[13728, 16377] -> 1905	0.7835709191002882
[17157, 2782] -> 13728	0.8270223272508387
[13728, 2782] -> 17157	0.7471375487145403
[13728, 17157] -> 2782	0.7889682894149174
[17157, 4306] -> 13728	0.7987713083905247
[13728, 4306] -> 17157	0.7391954599932391
[13728, 17157] -> 4306	0.7673600034028797
[2452, 2782] -> 13728	0.830463739793569
[13728, 2782] -> 2452	0.7446099312206077
[13728, 2452] -> 2782	0.7578276332106877
[2452, 4306] -> 13728	0.7881860563678746
[13728, 4306] -> 2452	0.762018418168222
[13728, 2452] -> 4306	0.7624089124842423
[2782, 1905] -> 13728	0.8052372670807453
[13728, 1905] -> 2782	0.7299269415442269
[13728, 2782] -> 1905	0.8159572218361982
[5317, 15107] -> 13728	0.6813130417743607
[13728, 15107] -> 5317	0.7362291660364803
[13728, 5317] -> 15107	0.7089717448295951
[10042, 11521] -> 14240	0.8586261130754586
[14240, 11521] -> 10042	0.635551976471412
[14240, 10042] -> 11521	0.9350676110753379
[11283, 2452] -> 14240	0.7995104518529398
[14240, 2452] -> 11283	0.7348632109431246
[14240, 11283] -> 2452	0.9126960176150399
[15124, 11521] -> 14240	0.799205989966429
[14240, 11521] -> 15124	0.7418420223381534
[14240, 15124] -> 11521	0.8972062544330465
[16954, 11521] -> 14240	0.8436905374851693
[14240, 11521] -> 16954	0.6597895731942159
[14240, 16954] -> 11521	0.9282881773399015
[1905, 11521] -> 14240	0.8126641619842404
[14240, 11521] -> 1905	0.8557998669514373
[14240, 1905] -> 11521	0.9061503670200934
[2452, 2782] -> 14240	0.8223659826813573
[14240, 2782] -> 2452	0.9214941038774714
[14240, 2452] -> 2782	0.6589362850971923
[2452, 4306] -> 14240	0.8175143038779403
[14240, 4306] -> 2452	0.9217288463606065
[14240, 2452] -> 4306	0.6943574514038878
[3938, 11521] -> 14240	0.8481119975652703
[14240, 11521] -> 3938	0.6829942929169147
[14240, 3938] -> 11521	0.9087605692855978
[6206, 11521] -> 14240	0.832121620105464
[14240, 11521] -> 6206	0.6491982073456812
[14240, 6206] -> 11521	0.9285615915265485
[15205, 1905] -> 14313	0.6640340539304497
[14313, 1905] -> 15205	0.6877698628140428
[14313, 15205] -> 1905	0.63474262078706
[2152, 5317] -> 14313	0.7254088902454459
[14313, 5317] -> 2152	0.6640361995883933
[14313, 2152] -> 5317	0.8677554946033555
[2152, 9340] -> 14313	0.8182767624020888
[14313, 9340] -> 2152	0.6379172719871007
[14313, 2152] -> 9340	0.7116891675275175
[5317, 4306] -> 14313	0.7183152096490812
[14313, 4306] -> 5317	0.784432690313213
[14313, 5317] -> 4306	0.5154284390290442
[7624, 5317] -> 14313	0.7402315419613495
[14313, 5317] -> 7624	0.5599078655054449
[14313, 7624] -> 5317	0.7944421345761498
[7624, 9340] -> 14313	0.8013200814378598
[14313, 9340] -> 7624	0.5843563913855584
[14313, 7624] -> 9340	0.7078543042515543
[2782, 1905] -> 14550	0.7309813664596273
[14550, 1905] -> 2782	0.7299512737304872
[14550, 2782] -> 1905	0.8179957963100944
[11283, 12918] -> 14691	0.7582067486387157
[14691, 12918] -> 11283	0.7958059686813608
[14691, 11283] -> 12918	0.7244250358109184
[11283, 14550] -> 14691	0.6864444090564199
[14691, 14550] -> 11283	0.8405983298155455
[14691, 11283] -> 14550	0.7289511379914053
[11283, 2452] -> 14691	0.7775884858275812
[14691, 2452] -> 11283	0.7867785460957778
[14691, 11283] -> 2452	0.7900187012573612
[11283, 571] -> 14691	0.6948578771721201
[14691, 571] -> 11283	0.7915424026917488
[14691, 11283] -> 571	0.7207643641572498
[11283, 6037] -> 14691	0.7259856648493035
[14691, 6037] -> 11283	0.7962628545476174
[14691, 11283] -> 6037	0.732492439917237
[15124, 15107] -> 14691	0.7303025520577068
[14691, 15107] -> 15124	0.8123547817466465
[14691, 15124] -> 15107	0.7352787228474222
[15124, 2452] -> 14691	0.7685695476347221
[14691, 2452] -> 15124	0.8095936280240139
[14691, 15124] -> 2452	0.7638426739447416
[15124, 6037] -> 14691	0.7189698684613032
[14691, 6037] -> 15124	0.8132833028753096
[14691, 15124] -> 6037	0.7029760346954799
[15124, 7624] -> 14691	0.6601412518933389
[14691, 7624] -> 15124	0.863102022958332
[14691, 15124] -> 7624	0.7006673645642503
[16377, 1905] -> 14691	0.6854803882911809
[14691, 1905] -> 16377	0.6823989009243077
[14691, 16377] -> 1905	0.8123630133176089
[1905, 4306] -> 14691	0.7382668470104314
[14691, 4306] -> 1905	0.8343628939378075
[14691, 1905] -> 4306	0.7447733156384638
[6037, 1905] -> 14691	0.6777426780703375
[14691, 1905] -> 6037	0.753922933859195
[14691, 6037] -> 1905	0.8723141970435893
[10042, 16954] -> 15124	0.7984402679217198
[15124, 16954] -> 10042	0.7105331890601096
[15124, 10042] -> 16954	0.8444227656696893
[12470, 14367] -> 15124	0.7917870051709527
[15124, 14367] -> 12470	0.7765970078366183
[15124, 12470] -> 14367	0.6811500409134865
[12470, 4996] -> 15124	0.7979496840391773
[15124, 4996] -> 12470	0.7634993831103488
[15124, 12470] -> 4996	0.6490738674403035
[12470, 5317] -> 15124	0.7795478978621471
[15124, 5317] -> 12470	0.7004635482511589
[15124, 12470] -> 5317	0.8037119690545266
[12470, 9340] -> 15124	0.7847586875815246
[15124, 9340] -> 12470	0.7519147572504407
[15124, 12470] -> 9340	0.6981626125120881
[12918, 11521] -> 15124	0.8731230439216513
[15124, 11521] -> 12918	0.7024159782731696
[15124, 12918] -> 11521	0.667404374277599
[12918, 14410] -> 15124	0.8775160702871546
[15124, 14410] -> 12918	0.7440079348848624
[15124, 12918] -> 14410	0.651939394482425
[12918, 16879] -> 15124	0.8661265565673003
[15124, 16879] -> 12918	0.7442088770774662
[15124, 12918] -> 16879	0.6724399007230729
[14313, 11521] -> 15124	0.8267958540865148
[15124, 11521] -> 14313	0.7153728640941496
[15124, 14313] -> 11521	0.5466829050343744
[14313, 16879] -> 15124	0.7932554457140413
[15124, 16879] -> 14313	0.7352346198088137
[15124, 14313] -> 16879	0.5343095570961187
[14313, 2152] -> 15124	0.7574092544437715
[15124, 2152] -> 14313	0.7612121971520884
[15124, 14313] -> 2152	0.6129095023276595
[14313, 2782] -> 15124	0.7943315308595935
[15124, 2782] -> 14313	0.7796169018666883
[15124, 14313] -> 2782	0.5525849271435366
[14313, 4306] -> 15124	0.8009541588881975
[15124, 4306] -> 14313	0.7190555110705574
[15124, 14313] -> 4306	0.5565340213020481
[14550, 4306] -> 15124	0.7622558991049634
[15124, 4306] -> 14550	0.6977989236699503
[15124, 14550] -> 4306	0.7758843808557556
[15205, 13081] -> 15124	0.7098910530884548
[15124, 13081] -> 15205	0.7833962995253317
[15124, 15205] -> 13081	0.5671196372079976
[16377, 14367] -> 15124	0.8028855039846918
[15124, 14367] -> 16377	0.626310343657767
[15124, 16377] -> 14367	0.6212991864309813
[3860, 2452] -> 15124	0.778176919622811
[15124, 2452] -> 3860	0.6845292955892034
[15124, 3860] -> 2452	0.6977921368242433
[3860, 6037] -> 15124	0.7493425746610947
[15124, 6037] -> 3860	0.7027951973080452
[15124, 3860] -> 6037	0.7048097479603869
[4996, 5317] -> 15124	0.7810676049761531
[15124, 5317] -> 4996	0.6073130409413595
[15124, 4996] -> 5317	0.8196757172982858
[4996, 9340] -> 15124	0.7846008095771251
[15124, 9340] -> 4996	0.656865886877103
[15124, 4996] -> 9340	0.71742953895155
[5317, 11677] -> 15124	0.7828687002265634
[15124, 11677] -> 5317	0.8014633417948336
[15124, 5317] -> 11677	0.5219682971895362
[6037, 1905] -> 15124	0.7289499773158805
[15124, 1905] -> 6037	0.6919586247597477
[15124, 6037] -> 1905	0.8294203120220252
[6972, 11521] -> 15124	0.869525841009569
[15124, 11521] -> 6972	0.6880917355060163
[15124, 6972] -> 11521	0.5569098555215497
[6972, 4996] -> 15124	0.7992323562759056
[15124, 4996] -> 6972	0.7525091220916497
[15124, 6972] -> 4996	0.656365676255314
[6972, 5317] -> 15124	0.7923509474657218
[15124, 5317] -> 6972	0.6668806120133554
[15124, 6972] -> 5317	0.7850759027041053
[6972, 9340] -> 15124	0.78166920966988
[15124, 9340] -> 6972	0.7100464669123537
[15124, 6972] -> 9340	0.6764308556512978
[1905, 5317] -> 15205	0.6556952214875633
[15205, 5317] -> 1905	0.6264239713084725
[15205, 1905] -> 5317	0.7143146118801781
[5317, 11677] -> 15205	0.723864995478457
[15205, 11677] -> 5317	0.7890675513816605
[15205, 5317] -> 11677	0.5741621996837761
[1145, 11149] -> 15582	0.8750743039208694
[15582, 11149] -> 1145	0.7274110822322585
[15582, 1145] -> 11149	0.7021329365079366
[12317, 6287] -> 15582	0.7061526187798571
[15582, 6287] -> 12317	0.5711553561849378
[15582, 12317] -> 6287	0.8460803169374993
[12470, 14313] -> 15582	0.5867694976441079
[15582, 14313] -> 12470	0.7008670655105793
[15582, 12470] -> 14313	0.7639632124036054
[13050, 5317] -> 15582	0.8014589396897911
[15582, 5317] -> 13050	0.657329767786188
[15582, 13050] -> 5317	0.8190820437516473
[15124, 15205] -> 15582	0.5704701647212829
[15582, 15205] -> 15124	0.7491200425653829
[15582, 15124] -> 15205	0.6651554933723391
[15124, 2152] -> 15582	0.6583132702651905
[15582, 2152] -> 15124	0.7236361847606867
[15582, 15124] -> 2152	0.6682535500458803
[15205, 5317] -> 15582	0.6152327330222513
[15582, 5317] -> 15205	0.6025774675550318
[15582, 15205] -> 5317	0.816191216796955
[1905, 5317] -> 15582	0.6569869295292531
[15582, 5317] -> 1905	0.6147471634259469
[15582, 1905] -> 5317	0.8044185241931497
[6386, 5317] -> 15582	0.6341453181509235
[15582, 5317] -> 6386	0.5708879118886824
[15582, 6386] -> 5317	0.8820069325303735
[12317, 14367] -> 16242	0.8459474942938464
[16242, 14367] -> 12317	0.7928950710407663
[16242, 12317] -> 14367	0.7472248550177513
[12470, 12672] -> 16242	0.8244372112079758
[16242, 12672] -> 12470	0.8277154413949132
[16242, 12470] -> 12672	0.5552404457866418
[12470, 14367] -> 16242	0.8391038168202963
[16242, 14367] -> 12470	0.8270815754259462
[16242, 12470] -> 14367	0.7437876534882651
[12470, 6972] -> 16242	0.8136331682116174
[16242, 6972] -> 12470	0.813028384725342
[16242, 12470] -> 6972	0.7629190747014548
[12672, 5317] -> 16242	0.7180822532354175
[16242, 5317] -> 12672	0.5368613697511466
[16242, 12672] -> 5317	0.8413126442560388
[14313, 12672] -> 16242	0.7313028628017664
[16242, 12672] -> 14313	0.8269041797116022
[16242, 14313] -> 12672	0.5719693975941703
[14313, 14367] -> 16242	0.8050016458481315
[16242, 14367] -> 14313	0.7920683218696464
[16242, 14313] -> 14367	0.7344814504528713
[14367, 5317] -> 16242	0.8024396117214292
[16242, 5317] -> 14367	0.7046132308657008
[16242, 14367] -> 5317	0.8236552541188303
[14367, 9340] -> 16242	0.8311239028295324
[16242, 9340] -> 14367	0.7310610188530569
[16242, 14367] -> 9340	0.7432986439608956
[15124, 13651] -> 16242	0.758213123297639
[16242, 13651] -> 15124	0.799610087937614
[16242, 15124] -> 13651	0.5689997417260082
[15124, 16954] -> 16242	0.725961717846349
[16242, 16954] -> 15124	0.8332637394404651
[16242, 15124] -> 16954	0.5742980481865476
[15124, 3860] -> 16242	0.6910429589009577
[16242, 3860] -> 15124	0.8552275639504532
[16242, 15124] -> 3860	0.5319115965022322
[16377, 14367] -> 16242	0.7943181447535798
[16242, 14367] -> 16377	0.6226955432253446
[16242, 16377] -> 14367	0.7092555917986952
[16377, 4996] -> 16242	0.8193687832204847
[16242, 4996] -> 16377	0.6365941842732055
[16242, 16377] -> 4996	0.7213226157191674
[16377, 5317] -> 16242	0.6722861482429843
[16242, 5317] -> 16377	0.616424472653829
[16242, 16377] -> 5317	0.8207323703013358
[16377, 9340] -> 16242	0.7431846010677378
[16242, 9340] -> 16377	0.6359909800404054
[16242, 16377] -> 9340	0.7365253184218702
[3427, 15124] -> 16242	0.726856504745952
[16242, 15124] -> 3427	0.6244105818544073
[16242, 3427] -> 15124	0.9352011494252874
[4996, 5317] -> 16242	0.8157539272254278
[16242, 5317] -> 4996	0.713348256276021
[16242, 4996] -> 5317	0.8382168988502202
[4996, 9340] -> 16242	0.8445248279887846
[16242, 9340] -> 4996	0.7398043439991282
[16242, 4996] -> 9340	0.7561130245549101
[5317, 14712] -> 16242	0.7900302114803626
[16242, 14712] -> 5317	0.8462874464665207
[16242, 5317] -> 14712	0.5720056289145382
[6287, 15124] -> 16242	0.6879359995072147
[16242, 15124] -> 6287	0.6592997085193522
[16242, 6287] -> 15124	0.8155413361569287
[6287, 15205] -> 16242	0.7236604630402298
[16242, 15205] -> 6287	0.6264721200208323
[16242, 6287] -> 15205	0.6807572590435681
[6287, 2152] -> 16242	0.6531071830709013
[16242, 2152] -> 6287	0.7305989023622205
[16242, 6287] -> 2152	0.6671108960959536
[7234, 15205] -> 16242	0.801750761654355
[16242, 15205] -> 7234	0.6454899786637098
[16242, 7234] -> 15205	0.7474054837423283
[12470, 6972] -> 16377	0.6648356139748557
[16377, 6972] -> 12470	0.7822415434776336
[16377, 12470] -> 6972	0.7646428369967847
[14313, 15205] -> 16377	0.6561971937553069
[16377, 15205] -> 14313	0.7492440749877612
[16377, 14313] -> 15205	0.6501845079925698
[1905, 4306] -> 16377	0.7351725926886662
[16377, 4306] -> 1905	0.7437858508604207
[16377, 1905] -> 4306	0.745000844927618
[6037, 1905] -> 16377	0.6432544150017643
[16377, 1905] -> 6037	0.7187893126044425
[16377, 6037] -> 1905	0.8331229597388465
[7234, 5317] -> 16377	0.6640856000763048
[16377, 5317] -> 7234	0.60902722002656
[16377, 7234] -> 5317	0.8079564515618571
[11283, 15124] -> 16384	0.6126533888277493
[16384, 15124] -> 11283	0.7344754384572653
[16384, 11283] -> 15124	0.7914252731043033
[12470, 5317] -> 16384	0.5464043233259017
[16384, 5317] -> 12470	0.7504930282339184
[16384, 12470] -> 5317	0.8236176969591508
[11283, 15124] -> 17157	0.6350276782537463
[17157, 15124] -> 11283	0.8185784073212877
[17157, 11283] -> 15124	0.7575937058864178
[1905, 4306] -> 17157	0.669313149654444
[17157, 4306] -> 1905	0.7997232676555235
[17157, 1905] -> 4306	0.7767575878121943
[15107, 571] -> 1905	0.834922233059602
[1905, 571] -> 15107	0.76653988734293
[1905, 15107] -> 571	0.6482342499328224
[2372, 15107] -> 1905	0.8718861601010934
[1905, 15107] -> 2372	0.6460927130747747
[1905, 2372] -> 15107	0.79337272899981
[6206, 5317] -> 1905	0.8074566350638661
[1905, 5317] -> 6206	0.6415025793794957
[1905, 6206] -> 5317	0.7301186221091029
[11521, 4306] -> 2452	0.9129242819843341
[2452, 4306] -> 11521	0.8891290527654164
[2452, 11521] -> 4306	0.6704751556020742
[12155, 11521] -> 2452	0.9124633313928936
[2452, 11521] -> 12155	0.6387075639786193
[2452, 12155] -> 11521	0.9101155575795526
[2782, 11521] -> 2452	0.9110452949719264
[2452, 11521] -> 2782	0.6365503080082136
[2452, 2782] -> 11521	0.8947965452564665
[3962, 15107] -> 2452	0.7860018948365705
[2452, 15107] -> 3962	0.6957818694724002
[2452, 3962] -> 15107	0.785959586172744
[15124, 1905] -> 3106	0.5820845528714639
[3106, 1905] -> 15124	0.8284939157282963
[3106, 15124] -> 1905	0.7184537696010395
[12470, 6972] -> 3427	0.5920022234211257
[3427, 6972] -> 12470	0.8143891687657431
[3427, 12470] -> 6972	0.785113394909154
[6287, 15124] -> 3427	0.5906108997951861
[3427, 15124] -> 6287	0.6588927543701413
[3427, 6287] -> 15124	0.9029854260353636
[14454, 1905] -> 3624	0.6898572860483987
[3624, 1905] -> 14454	0.6857202501257271
[3624, 14454] -> 1905	0.8534514319456747
[5317, 15107] -> 3860	0.7074301816722807
[3860, 15107] -> 5317	0.7437826807805127
[3860, 5317] -> 15107	0.6857825135228034
[6037, 2372] -> 3860	0.7063409060097225
[3860, 2372] -> 6037	0.8765366820885658
[3860, 6037] -> 2372	0.7434614208541434
[6037, 6206] -> 3860	0.75163608499358
[3860, 6206] -> 6037	0.7716521202972351
[3860, 6037] -> 6206	0.739853225970849
[14621, 3962] -> 3938	0.8077040757113768
[3938, 3962] -> 14621	0.7902533187439355
[3938, 14621] -> 3962	0.8317850429718484
[1905, 5317] -> 3938	0.6494708033616702
[3938, 5317] -> 1905	0.8078081696589952
[3938, 1905] -> 5317	0.7089491077329808
[6037, 15107] -> 3938	0.6900921865210776
[3938, 15107] -> 6037	0.8010555515152775
[3938, 6037] -> 15107	0.8145534450337003
[6037, 11521] -> 4432	0.7339363124417615
[4432, 11521] -> 6037	0.7889190101359811
[4432, 6037] -> 11521	0.7139141486290775
[6037, 2452] -> 4432	0.734655203367178
[4432, 2452] -> 6037	0.807618086926012
[4432, 6037] -> 2452	0.7256874316509198
[12155, 1905] -> 6037	0.7814825812507782
[6037, 1905] -> 12155	0.6854468771528909
[6037, 12155] -> 1905	0.8798705850633594
[14410, 15107] -> 6037	0.8021476843981923
[6037, 15107] -> 14410	0.6926340284614696
[6037, 14410] -> 15107	0.8489435924438886
[14454, 1905] -> 6037	0.7470287814424132
[6037, 1905] -> 14454	0.65746139498933
[6037, 14454] -> 1905	0.8666976775093863
[1905, 5317] -> 6037	0.6700412539255813
[6037, 5317] -> 1905	0.8109909223267766
[6037, 1905] -> 5317	0.6972930284139599
[11283, 16879] -> 6287	0.7491324379962749
[6287, 16879] -> 11283	0.7881578811662662
[6287, 11283] -> 16879	0.6626461100898339
[1145, 14313] -> 6287	0.8430462534274284
[6287, 14313] -> 1145	0.6220904680956922
[6287, 1145] -> 14313	0.6803144893628599
[1145, 14538] -> 6287	0.8425343940925675
[6287, 14538] -> 1145	0.7127691220763768
[6287, 1145] -> 14538	0.6953044235268514
[12470, 4996] -> 6287	0.669590028258146
[6287, 4996] -> 12470	0.7740833932422718
[6287, 12470] -> 4996	0.6455221906793858
[12470, 5317] -> 6287	0.6885863330375116
[6287, 5317] -> 12470	0.6561024068637898
[6287, 12470] -> 5317	0.8413943892934601
[12470, 9340] -> 6287	0.6542192046556741
[6287, 9340] -> 12470	0.7677181965363293
[6287, 12470] -> 9340	0.68980656992224
[14313, 14367] -> 6287	0.649728868176227
[6287, 14367] -> 14313	0.7835816217797371
[6287, 14313] -> 14367	0.6219660848293876
[14313, 2152] -> 6287	0.7172372030064474
[6287, 2152] -> 14313	0.7197369126557166
[6287, 14313] -> 2152	0.6678552178780215
[15124, 12918] -> 6287	0.6865519187864559
[6287, 12918] -> 15124	0.8717476136841985
[6287, 15124] -> 12918	0.5899872183808922
[15124, 14313] -> 6287	0.6602265684677804
[6287, 14313] -> 15124	0.759708113935072
[6287, 15124] -> 14313	0.70542987818963
[15124, 14538] -> 6287	0.7958118475663438
[6287, 14538] -> 15124	0.7058528241549846
[6287, 15124] -> 14538	0.584643577621387
[3106, 15124] -> 6287	0.7658604770201498
[6287, 15124] -> 3106	0.599065247855614
[6287, 3106] -> 15124	0.7909220290739046
[3938, 5317] -> 6287	0.727768405832028
[6287, 5317] -> 3938	0.4982641156614579
[6287, 3938] -> 5317	0.8191527837428513
[4996, 5317] -> 6287	0.6804689323950239
[6287, 5317] -> 4996	0.5610515677957363
[6287, 4996] -> 5317	0.862794434812027
[6037, 15107] -> 6287	0.6539067394612011
[6287, 15107] -> 6037	0.7548325774090565
[6287, 6037] -> 15107	0.7969392541204445
[6037, 1905] -> 6287	0.6390032429889267
[6287, 1905] -> 6037	0.6931629695787689
[6287, 6037] -> 1905	0.8296301144234649
[6386, 7617] -> 6287	0.8682125271956944
[6287, 7617] -> 6386	0.6621863564510353
[6287, 6386] -> 7617	0.761354393645757
[6972, 5317] -> 6287	0.6727699892158373
[6287, 5317] -> 6972	0.6004372366096289
[6287, 6972] -> 5317	0.8380012089462019
[12470, 6972] -> 6386	0.5923210227737179
[6386, 6972] -> 12470	0.8242259480856292
[6386, 12470] -> 6972	0.7795361146373475
[16377, 5317] -> 6386	0.5915326075719863
[6386, 5317] -> 16377	0.6241933995116344
[6386, 16377] -> 5317	0.8524265169311868
[12911, 5317] -> 6692	0.6445141177836732
[6692, 5317] -> 12911	0.7206463984659023
[6692, 12911] -> 5317	0.8455480816556121
[15124, 5317] -> 6692	0.5238289733864955
[6692, 5317] -> 15124	0.8069793456114418
[6692, 15124] -> 5317	0.8305800840880354
[1905, 15107] -> 6971	0.6157936307599606
[6971, 15107] -> 1905	0.8659483350890854
[6971, 1905] -> 15107	0.7877522109144697
[2452, 1905] -> 6971	0.6141427618412275
[6971, 1905] -> 2452	0.7671586754304643
[6971, 2452] -> 1905	0.8809358627784024
[14313, 14712] -> 6972	0.7928737599859539
[6972, 14712] -> 14313	0.796439594356261
[6972, 14313] -> 14712	0.6008565488565489
[14313, 1905] -> 6972	0.6759733279892146
[6972, 1905] -> 14313	0.7443626369217189
[6972, 14313] -> 1905	0.6171060291060292
[12470, 14367] -> 7234	0.6681251405150199
[7234, 14367] -> 12470	0.8341268042016171
[7234, 12470] -> 14367	0.761038935455593
[15205, 5317] -> 7234	0.602406386178705
[7234, 5317] -> 15205	0.6772481725875121
[7234, 15205] -> 5317	0.814917991736572
[15205, 9340] -> 7234	0.6452588784965717
[7234, 9340] -> 15205	0.7487401804484052
[7234, 15205] -> 9340	0.7766683360460749
[1905, 11521] -> 7624	0.6105412773880373
[7624, 11521] -> 1905	0.8694103165021424
[7624, 1905] -> 11521	0.7333785956049003
[2152, 5317] -> 7624	0.5752603720770956
[7624, 5317] -> 2152	0.6961845128158927
[7624, 2152] -> 5317	0.8697898492813003
[2452, 11521] -> 8387	0.6390910761511358
[8387, 11521] -> 2452	0.9275799287975601
[8387, 2452] -> 11521	0.9023611565493046
[1905, 4306] -> 8644	0.6863037557206648
[8644, 4306] -> 1905	0.8677028673163418
[8644, 1905] -> 4306	0.6837194277803416
[3860, 6037] -> 8644	0.7534400163082254
[8644, 6037] -> 3860	0.7503882893948776
[8644, 3860] -> 6037	0.7952577164312379
[4432, 15107] -> 8644	0.7404778918723142
[8644, 15107] -> 4432	0.7384610878987856
[8644, 4432] -> 15107	0.8350075061815614
[6037, 1905] -> 8644	0.7132895333792616
[8644, 1905] -> 6037	0.7835717581910475
[8644, 6037] -> 1905	0.861850186277396
[2152, 5317] -> 9756	0.551631466495939
[9756, 5317] -> 2152	0.7270595392283841
[9756, 2152] -> 5317	0.8820259492917509
