[12470] -> 10042	0.4151197368717475
[10042] -> 12470	0.623515379149325
[3860] -> 10042	0.465834444762985
[10042] -> 3860	0.6322962135823774
[3962] -> 10042	0.5478546450180523
[10042] -> 3962	0.65336852434609
[1905] -> 10550	0.4261192836996819
[10550] -> 1905	0.7149889691568976
[12155] -> 10947	0.5856471812459237
[10947] -> 12155	0.5988295855593936
[2372] -> 10947	0.5456149303783626
[10947] -> 2372	0.5607948627647856
[6206] -> 10947	0.5294404197721595
[10947] -> 6206	0.5700637658571674
[14454] -> 11064	0.6128596226629862
[11064] -> 14454	0.5664593169294704
[175] -> 11064	0.8153123272526259
[11064] -> 175	0.48491563539762494
[2122] -> 11064	0.7396047191500231
[11064] -> 2122	0.5140388484856455
[4432] -> 11064	0.5287579314009847
[11064] -> 4432	0.5430305501124423
[5317] -> 11064	0.4123866680403874
[11064] -> 5317	0.6316692749773143
[9340] -> 11064	0.4280974215995761
[11064] -> 9340	0.48867028761556575
[1905] -> 11077	0.3798474793880613
[11077] -> 1905	0.686273231170525
[12155] -> 11089	0.5384175698551235
[11089] -> 12155	0.564122448039434
[3962] -> 11089	0.7059349264784116
[11089] -> 3962	0.7641255192217624
[1220] -> 11283	0.5802474653794295
[11283] -> 1220	0.4291436190140379
[12582] -> 11283	0.5880277278991105
[11283] -> 12582	0.46548361504727065
[13359] -> 11283	0.6443012038657369
[11283] -> 13359	0.40366264847830396
[14574] -> 11283	0.7022130063927272
[11283] -> 14574	0.42725940454415234
[16377] -> 11283	0.6470737380529803
[11283] -> 16377	0.6467814090838971
[16668] -> 11283	0.7109471505358395
[11283] -> 16668	0.46929060978028514
[571] -> 11283	0.6734783507285316
[11283] -> 571	0.5744980937479339
[7745] -> 11283	0.7996045497166618
[11283] -> 7745	0.43223439187253454
[4996] -> 1145	0.48394107226352834
[1145] -> 4996	0.5243161094224923
[5317] -> 1145	0.5031037502575726
[1145] -> 5317	0.8361873367866774
[9340] -> 1145	0.45944030968455496
[1145] -> 9340	0.569066883570929
[1180] -> 11521	0.6678894190547112
[11521] -> 1180	0.48032662236768153
[13081] -> 11521	0.5410429514520905
[11521] -> 13081	0.5267017091474098
[16879] -> 11521	0.5464891277111117
[11521] -> 16879	0.5191113755826638
[4306] -> 11521	0.6075668244190043
[11521] -> 4306	0.6077556282852326
[5317] -> 11781	0.3184241706161137
[11781] -> 5317	0.7171447631754502
[11521] -> 12155	0.5792522066845185
[12155] -> 11521	0.6420076065689098
[13081] -> 12155	0.5342647178679127
[12155] -> 13081	0.5764504144041155
[14410] -> 12155	0.6326376171088677
[12155] -> 14410	0.6126145931804692
[5317] -> 12155	0.3661008654440552
[12155] -> 5317	0.6249477872798822
[571] -> 12155	0.4734486411077814
[12155] -> 571	0.5371864488755029
[3624] -> 12161	0.5238976389247497
[12161] -> 3624	0.5999129442103793
[2372] -> 12232	0.5282350368156302
[12232] -> 2372	0.4754274766085325
[6206] -> 12232	0.5613826315093565
[12232] -> 6206	0.5293033082687033
[11064] -> 12293	0.4921882192033036
[12293] -> 11064	0.7039698289239797
[13462] -> 12317	0.6377056626627636
[12317] -> 13462	0.4600526724598281
[13651] -> 12317	0.6984734803315236
[12317] -> 13651	0.5722547211029662
[16954] -> 12317	0.6436737804878049
[12317] -> 16954	0.5637106170202437
[1798] -> 12317	0.6819196133254539
[12317] -> 1798	0.46916112432642354
[2152] -> 12317	0.5768741120684884
[12317] -> 2152	0.5691902519539783
[2782] -> 12317	0.5939705459399267
[12317] -> 2782	0.4887555221127239
[4306] -> 12317	0.559395077069508
[12317] -> 4306	0.5135686198359143
[571] -> 12317	0.5032874341221453
[12317] -> 571	0.4728688285839118
[13651] -> 12470	0.734973669202225
[12470] -> 13651	0.558871567280182
[16765] -> 12470	0.7189481628132627
[12470] -> 16765	0.41313726373651133
[16954] -> 12470	0.6515659645232815
[12470] -> 16954	0.5296019284056861
[11064] -> 12582	0.4973171661910335
[12582] -> 11064	0.5263776951879845
[14454] -> 12582	0.5761859366551891
[12582] -> 14454	0.5636822984089865
[4432] -> 12582	0.5380547178630196
[12582] -> 4432	0.5848679723277793
[5317] -> 12582	0.362464798406484
[12582] -> 5317	0.5876449381272533
[14367] -> 12672	0.5013152097856791
[12672] -> 14367	0.5556816304839602
[2152] -> 12672	0.5026291998007344
[12672] -> 2152	0.5869139011971533
[1905] -> 12785	0.4089748944266555
[12785] -> 1905	0.7987291549182309
[12470] -> 12911	0.531415440762351
[12911] -> 12470	0.6390042055789951
[6287] -> 12911	0.4849530510359813
[12911] -> 6287	0.6348257156595174
[16954] -> 12918	0.5430016629711751
[12918] -> 16954	0.5785646258001167
[17560] -> 12918	0.697955417135277
[12918] -> 17560	0.5360615434591618
[4432] -> 12918	0.4956173207071192
[12918] -> 4432	0.5714844701695843
[5317] -> 12918	0.41921234288069237
[12918] -> 5317	0.7209577036375315
[9340] -> 12918	0.4387716306827346
[12918] -> 9340	0.5623444986673951
[11283] -> 13050	0.4707891663177381
[13050] -> 11283	0.5800710052744835
[1145] -> 13050	0.614117328081967
[13050] -> 1145	0.5842729426459308
[14313] -> 13050	0.426809472594009
[13050] -> 14313	0.5818698960716298
[14538] -> 13050	0.636846870150026
[13050] -> 14538	0.6685221263568049
[3860] -> 13050	0.544149725154873
[13050] -> 3860	0.5926903939231432
[3962] -> 13050	0.517757963952078
[13050] -> 3962	0.49549598473997536
[5317] -> 13462	0.3947901641596263
[13462] -> 5317	0.7735607819386965
[7234] -> 13462	0.5259052777244406
[13462] -> 7234	0.6681134551327343
[9340] -> 13462	0.44206663748012626
[13462] -> 9340	0.6455115911308502
[10947] -> 13728	0.5595884816832387
[13728] -> 10947	0.4959161177220569
[11283] -> 13728	0.6070035480529784
[13728] -> 11283	0.731619209519762
[11337] -> 13728	0.6487706286878998
[13728] -> 11337	0.503047970675733
[12918] -> 13728	0.647084880656188
[13728] -> 12918	0.5820163089672757
[14313] -> 13728	0.5142507170172085
[13728] -> 14313	0.6858133234169146
[14538] -> 13728	0.46662571132953956
[13728] -> 14538	0.4791688801529962
[14550] -> 13728	0.6555849921237291
[13728] -> 14550	0.6079937845303868
[17157] -> 13728	0.7168896512292738
[13728] -> 17157	0.6244554823629409
[2452] -> 13728	0.6510549424152242
[13728] -> 2452	0.6479162239694007
[3106] -> 13728	0.5702904061846993
[13728] -> 3106	0.5128758499787506
[6037] -> 13728	0.596055510368787
[13728] -> 6037	0.627755790480238
[7624] -> 13728	0.6037807804845974
[13728] -> 7624	0.609766787080323
[8644] -> 13728	0.5891914115387069
[13728] -> 8644	0.5519483106672334
[1905] -> 13763	0.397914829767816
[13763] -> 1905	0.7759099135330786
[12582] -> 14240	0.5173577762002199
[14240] -> 12582	0.5535655774329034
[16377] -> 14240	0.43266125031693364
[14240] -> 16377	0.5845521432188496
[2782] -> 14240	0.5859765045980487
[14240] -> 2782	0.5917235113639748
[4306] -> 14240	0.5532942918330117
[14240] -> 4306	0.6233728515683179
[4306] -> 14312	0.5251037728366339
[14312] -> 4306	0.6978689014213181
[14621] -> 14313	0.605106892982497
[14313] -> 14621	0.38714945825366476
[15107] -> 14313	0.5974140189364171
[14313] -> 15107	0.4769210086042065
[1905] -> 14313	0.5660381249967773
[14313] -> 1905	0.5466160771191841
[7617] -> 14313	0.6261294382149574
[14313] -> 7617	0.44097056246016575
[15107] -> 14367	0.4606177413519953
[14367] -> 15107	0.47845777075180757
[2152] -> 14367	0.5572489037313112
[14367] -> 2152	0.5870306061626972
[4306] -> 14367	0.49276234037490424
[14367] -> 4306	0.48300593464120045
[2152] -> 14410	0.4519579082024884
[14410] -> 2152	0.5561214451120764
[4306] -> 14410	0.5736588848055416
[14410] -> 4306	0.6567934494710235
[5317] -> 14454	0.3634607459303524
[14454] -> 5317	0.6023306109672463
[4306] -> 14538	0.5054530312243873
[14538] -> 4306	0.49450982928091053
[16668] -> 14550	0.6094214269021466
[14550] -> 16668	0.5228125447515395
[1905] -> 14550	0.519575541015051
[14550] -> 1905	0.7215165401689819
[5862] -> 14550	0.5797137875241521
[14550] -> 5862	0.5284834598310183
[15107] -> 14621	0.536120155183813
[14621] -> 15107	0.6689391640011517
[2152] -> 14621	0.454436428716397
[14621] -> 2152	0.5750507809763955
[2782] -> 14621	0.5728645068989167
[14621] -> 2782	0.6045543336991119
[4306] -> 14621	0.5746305158237052
[14621] -> 4306	0.6765893861922438
[12155] -> 14691	0.5756003546800919
[14691] -> 12155	0.5580088517579194
[12785] -> 14691	0.7612281479094497
[14691] -> 12785	0.537023223432294
[15755] -> 14691	0.6446866532799033
[14691] -> 15755	0.5223105503576935
[3427] -> 14691	0.5745633905736207
[14691] -> 3427	0.5585913912036544
[4432] -> 14691	0.5335663932694339
[14691] -> 4432	0.5920163679375973
[5317] -> 14691	0.4042173226183117
[14691] -> 5317	0.6689257830537855
[6196] -> 14691	0.7738948934675236
[14691] -> 6196	0.5320716381435463
[8782] -> 14691	0.4982105384683296
[14691] -> 8782	0.5211738880245519
[9340] -> 14691	0.44037881057167216
[14691] -> 9340	0.543097262775019
[11283] -> 15062	0.4323225422570906
[15062] -> 11283	0.764993760723756
[1905] -> 15062	0.3838229152164833
[15062] -> 1905	0.7256960692559663
[1220] -> 15124	0.6239449944502798
[15124] -> 1220	0.38670612569022517
[12470] -> 15124	0.7571132487778504
[15124] -> 12470	0.6206485807678812
[14312] -> 15124	0.8104938596953566
[15124] -> 14312	0.42597739570444515
[7745] -> 15124	0.7601410575237474
[15124] -> 7745	0.3443369221961624
[1307] -> 15205	0.7442226934087964
[15205] -> 1307	0.45929927646552643
[15107] -> 15205	0.5980689345458629
[15205] -> 15107	0.4882253802247489
[15887] -> 15205	0.7607587825772928
[15205] -> 15887	0.3861413361711228
[3962] -> 15205	0.5905205739861965
[15205] -> 3962	0.4238914036365118
[4656] -> 1542	0.5899435702160848
[1542] -> 4656	0.6709218501352209
[12582] -> 15582	0.5126320624712908
[15582] -> 12582	0.41722225683843234
[14574] -> 15582	0.6527644470200474
[15582] -> 14574	0.40835169565931606
[16377] -> 15582	0.5257350104174705
[15582] -> 16377	0.5402885481395046
[17355] -> 15582	0.5420650165426274
[15582] -> 17355	0.4204113538651516
[2152] -> 15582	0.6251345350775229
[15582] -> 2152	0.5757651283852293
[2782] -> 15582	0.5363382275941918
[15582] -> 2782	0.4119656279915486
[4306] -> 15582	0.5496060598048806
[15582] -> 4306	0.47100640651640713
[5317] -> 15755	0.3646455800535751
[15755] -> 5317	0.7448243206509826
[1905] -> 15788	0.3858183674416446
[15788] -> 1905	0.763515030305504
[11677] -> 16242	0.7035815404073067
[16242] -> 11677	0.5498405103668261
[15124] -> 16242	0.6256579068865538
[16242] -> 15124	0.7610294943504727
[15205] -> 16242	0.6061497884387236
[16242] -> 15205	0.6685423546061056
[2452] -> 16242	0.542110952450856
[16242] -> 2452	0.45625266752027316
[3106] -> 16242	0.6272493003817442
[16242] -> 3106	0.47705932565087494
[6037] -> 16242	0.535942396327892
[16242] -> 6037	0.47735134892288333
[7624] -> 16242	0.6313443140349146
[16242] -> 7624	0.5392209717635958
[1180] -> 16377	0.6754925485653346
[16377] -> 1180	0.4049805430313186
[12232] -> 16377	0.5067976326391349
[16377] -> 12232	0.42573280566181254
[13651] -> 16377	0.6325761222993341
[16377] -> 13651	0.47074840430809256
[16954] -> 16377	0.6678630820399113
[16377] -> 16954	0.5312689471189356
[2152] -> 16377	0.6141872236265121
[16377] -> 2152	0.5504448094539922
[2782] -> 16377	0.6952824831675284
[16377] -> 2782	0.5196664204689516
[4123] -> 16377	0.6394977375194014
[16377] -> 4123	0.4292163196013802
[4306] -> 16377	0.705205827142215
[16377] -> 4306	0.5880744766461257
[11677] -> 16384	0.5250219175325889
[16384] -> 11677	0.5286881390519056
[15124] -> 16384	0.46541949066464755
[16384] -> 15124	0.7294725492608163
[15205] -> 16384	0.43285793571184894
[16384] -> 15205	0.6151686409586592
[1905] -> 16384	0.463161476944019
[16384] -> 1905	0.6500039799410968
[15107] -> 16882	0.5047528161371206
[16882] -> 15107	0.68981536730484
[3860] -> 16882	0.5418001420968003
[16882] -> 3860	0.741036875394241
[14312] -> 16954	0.6444508863472654
[16954] -> 14312	0.508335643015521
[3962] -> 16954	0.576887337830457
[16954] -> 3962	0.5635324279379157
[11521] -> 17088	0.5088035968131178
[17088] -> 11521	0.6198070200873081
[14410] -> 17088	0.5792026759092491
[17088] -> 14410	0.6164483963981379
[16879] -> 17088	0.5336470195172202
[17088] -> 16879	0.6175035036002513
[6206] -> 17088	0.5368866434233144
[17088] -> 6206	0.6213775995103015
[12470] -> 17157	0.4480276645114781
[17157] -> 12470	0.606441776253097
[14312] -> 17157	0.6342346141007397
[17157] -> 14312	0.5504097579569278
[4656] -> 17157	0.5582113746540044
[17157] -> 4656	0.5565389746521823
[6972] -> 17157	0.4640707944020327
[17157] -> 6972	0.6084696016771489
[15124] -> 17169	0.42398289903784003
[17169] -> 15124	0.6309811735605332
[15205] -> 17169	0.5138469528556954
[17169] -> 15205	0.6934038752233064
[3938] -> 17169	0.5095327151354581
[17169] -> 3938	0.5391370070083826
[6287] -> 17169	0.4044439845831501
[17169] -> 6287	0.5371512986120655
[4306] -> 17355	0.4779829733231103
[17355] -> 4306	0.5281589845090893
[5317] -> 17560	0.32345112988529434
[17560] -> 5317	0.7242648825830762
[5317] -> 17627	0.32655917302012505
[17627] -> 5317	0.7160338108774639
[11283] -> 1798	0.4334795160543888
[1798] -> 11283	0.6939679123631777
[14313] -> 1798	0.40005576800509884
[1798] -> 14313	0.7086446104589114
[5317] -> 1798	0.3669508551411498
[1798] -> 5317	0.7539359834887146
[11521] -> 1905	0.795451089292208
[1905] -> 11521	0.6203329878674443
[1180] -> 1905	0.7767327688446369
[1905] -> 1180	0.43562732996117376
[13081] -> 1905	0.6540316227009698
[1905] -> 13081	0.49652729438334336
[16879] -> 1905	0.654947517888465
[1905] -> 16879	0.4851733259083948
[2152] -> 1905	0.592735413322509
[1905] -> 2152	0.496939790967356
[3151] -> 1905	0.6994981179422836
[1905] -> 3151	0.41968949319638443
[4306] -> 1905	0.713467995664014
[1905] -> 4306	0.5565713283936867
[758] -> 1905	0.7154711485023284
[1905] -> 758	0.38500368668821955
[1220] -> 1962	0.5732600323299142
[1962] -> 1220	0.5288312866361095
[12232] -> 1962	0.4859060666902878
[1962] -> 12232	0.5089026175276081
[3938] -> 1962	0.5709888568534247
[1962] -> 3938	0.6042509912794893
[11521] -> 2152	0.5061456577076928
[2152] -> 11521	0.4708081944931333
[13081] -> 2152	0.4945461707734521
[2152] -> 13081	0.44782499062098313
[16879] -> 2152	0.5894980092992176
[2152] -> 16879	0.5208706187691039
[4656] -> 2152	0.608753498187824
[2152] -> 4656	0.48964003025886094
[11337] -> 2452	0.6214940865141693
[2452] -> 11337	0.48423258110578776
[14538] -> 2452	0.48684687015002587
[2452] -> 14538	0.5023554375241882
[4996] -> 2452	0.47844211607736736
[2452] -> 4996	0.4847663913095699
[5317] -> 2452	0.42177519060375024
[2452] -> 5317	0.6555856565198243
[9340] -> 2452	0.4589103435563031
[2452] -> 9340	0.5315748735537079
[14454] -> 2782	0.5249352608064654
[2782] -> 14454	0.5441479045139785
[571] -> 2782	0.5400563191071613
[2782] -> 571	0.6166473698571544
[8904] -> 2782	0.6544984548083216
[2782] -> 8904	0.5825620755009182
[2452] -> 2862	0.5725314614388853
[2862] -> 2452	0.668008345919686
[6037] -> 2862	0.531358566465533
[2862] -> 6037	0.6561045108450244
[7624] -> 2862	0.5298813163691357
[2862] -> 7624	0.6273998411783941
[16377] -> 3106	0.486038384796005
[3106] -> 16377	0.6511064675000553
[2152] -> 3106	0.5361415032257668
[3106] -> 2152	0.643685714496681
[2782] -> 3106	0.5340594833371436
[3106] -> 2782	0.5347298624391756
[4306] -> 3106	0.5757079025989478
[3106] -> 4306	0.6431319269591157
[11521] -> 3427	0.523521438725247
[3427] -> 11521	0.5785896967482645
[14410] -> 3427	0.5734891253348671
[3427] -> 14410	0.553759590792839
[2452] -> 3427	0.5280850893464828
[3427] -> 2452	0.5783120204603581
[3106] -> 3427	0.5454290376649364
[3427] -> 3106	0.5397734746072342
[6037] -> 3427	0.48784686099078817
[3427] -> 6037	0.5653854585312386
[7624] -> 3427	0.528000789032449
[3427] -> 7624	0.5867811472415053
[11521] -> 3624	0.580852259578829
[3624] -> 11521	0.6300814757437532
[13081] -> 3624	0.5675785813252193
[3624] -> 13081	0.5993631121439023
[14410] -> 3624	0.579921599491456
[3624] -> 14410	0.5496170066270764
[1962] -> 3624	0.5411801895285152
[3624] -> 1962	0.5648219869753566
[6972] -> 3624	0.4349646202417568
[3624] -> 6972	0.5365493301202054
[11089] -> 3860	0.6336847277780765
[3860] -> 11089	0.5143717202438082
[11677] -> 3860	0.5396383966426651
[3860] -> 11677	0.46801575529435224
[15205] -> 3860	0.4927621094008564
[3860] -> 15205	0.6031448265546512
[2452] -> 3860	0.6241175450068728
[3860] -> 2452	0.5829334264025826
[5401] -> 3860	0.6470296021824993
[3860] -> 5401	0.49516995525197255
[6037] -> 3860	0.6185963518515015
[3860] -> 6037	0.6114525035212585
[7624] -> 3860	0.5659992767202551
[3860] -> 7624	0.5364777444002642
[10583] -> 3938	0.6369662719001106
[3938] -> 10583	0.48232421621340804
[12155] -> 3938	0.681168978682554
[3938] -> 12155	0.6036065871840827
[4432] -> 3938	0.5569428170799638
[3938] -> 4432	0.5648523338268526
[4996] -> 3938	0.4763874162808616
[3938] -> 4996	0.4697394737525649
[5317] -> 3938	0.42751906037502574
[3938] -> 5317	0.6466921218732954
[9340] -> 3938	0.44185925942994075
[3938] -> 9340	0.4980973531780045
[15107] -> 3962	0.5793445854072328
[3962] -> 15107	0.6588498996304413
[14313] -> 4123	0.4158948773103888
[4123] -> 14313	0.6859299164812062
[3860] -> 4123	0.4496054944096127
[4123] -> 3860	0.5924414259786973
[11677] -> 4306	0.5339542103220799
[4306] -> 11677	0.4911297358749967
[1905] -> 4356	0.422020098896056
[4356] -> 1905	0.7719958498396529
[1307] -> 4432	0.6188008943377857
[4432] -> 1307	0.480225120531684
[3962] -> 4432	0.5832074280566608
[4432] -> 3962	0.526433734785476
[11521] -> 4656	0.4856755595226288
[4656] -> 11521	0.5616675077610068
[16879] -> 4656	0.6233677645683102
[4656] -> 16879	0.6847884265418788
[15107] -> 4996	0.5001621695794818
[4996] -> 15107	0.5280907755833174
[1905] -> 5085	0.4449291279306593
[5085] -> 1905	0.7630610873333098
[13359] -> 5317	0.6587845264999956
[5317] -> 13359	0.3216008997870733
[607] -> 5317	0.7829183624610965
[5317] -> 607	0.3369307644755821
[8904] -> 5317	0.6913842100466457
[5317] -> 8904	0.3582320214300433
[15107] -> 5401	0.49167321582276113
[5401] -> 15107	0.641947962050572
[12918] -> 5496	0.546382771375204
[5496] -> 12918	0.47527518399116325
[14313] -> 5496	0.45559970522625876
[5496] -> 14313	0.5876093350630001
[14538] -> 5496	0.4734480082772892
[5496] -> 14538	0.47018251409635614
[5317] -> 5862	0.33164623257091835
[5862] -> 5317	0.6067877283651958
[15107] -> 5926	0.4934508439055425
[5926] -> 15107	0.6502313654258687
[4306] -> 5926	0.5144422705761045
[5926] -> 4306	0.6396945811998127
[571] -> 5926	0.5722525059419241
[5926] -> 571	0.7282298695641454
[10550] -> 6037	0.6335424146731842
[6037] -> 10550	0.4617120951318087
[14621] -> 6037	0.6341357116730093
[6037] -> 14621	0.5137546421523193
[15107] -> 6037	0.6968925813654678
[6037] -> 15107	0.7044722290527802
[1905] -> 6037	0.6137227301086413
[6037] -> 1905	0.7504744610689718
[4356] -> 6037	0.7267402376910017
[6037] -> 4356	0.4858039987137533
[15205] -> 6134	0.4416004317784895
[6134] -> 15205	0.6558603114105734
[4306] -> 6134	0.4786307273352194
[6134] -> 4306	0.5476001421689846
[1905] -> 6196	0.3926348734924539
[6196] -> 1905	0.7868317179524272
[11521] -> 6206	0.589308737478925
[6206] -> 11521	0.6202634710536754
[16879] -> 6206	0.5609460701060778
[6206] -> 16879	0.5608328635949253
[30] -> 6206	0.6551392161333637
[6206] -> 30	0.5398651328837762
[10042] -> 6287	0.6547643217270666
[6287] -> 10042	0.4004293954835873
[1145] -> 6287	0.7868059420351898
[6287] -> 1145	0.5704958741819499
[11521] -> 6287	0.5813745908955668
[6287] -> 11521	0.45490054062443414
[13081] -> 6287	0.5237238175446223
[6287] -> 13081	0.3989290980108125
[14149] -> 6287	0.6088940519669377
[6287] -> 14149	0.3769161126775136
[14410] -> 6287	0.6293381362473702
[6287] -> 14410	0.4302335807961924
[16879] -> 6287	0.6748823676810424
[6287] -> 16879	0.5016115264233426
[17308] -> 6287	0.712920090972518
[6287] -> 17308	0.40704622468248014
[3860] -> 6287	0.598894387176387
[6287] -> 3860	0.497141674642386
[3962] -> 6287	0.6223267295129061
[6287] -> 3962	0.4538917199099822
[4577] -> 6287	0.7442398697914216
[6287] -> 4577	0.4092501099355907
[6386] -> 6287	0.6722219972189596
[6287] -> 6386	0.5152073255904188
[11283] -> 6386	0.4893007470745091
[6386] -> 11283	0.5994896926005426
[13050] -> 6386	0.5049791939611574
[6386] -> 13050	0.5021397810268249
[14313] -> 6386	0.47410771191841944
[6386] -> 14313	0.6427173194011313
[14538] -> 6386	0.48047723745473364
[6386] -> 14538	0.5015390223158236
[2152] -> 6386	0.6103864154935208
[6386] -> 2152	0.6699269639409772
[4123] -> 6386	0.6150580196930253
[6386] -> 4123	0.5055485804544166
[4306] -> 6386	0.4863244586627185
[6386] -> 4306	0.49665195145329605
[14313] -> 6692	0.45572418738049714
[6692] -> 14313	0.7293969508842116
[14621] -> 6971	0.5858451433152
[6971] -> 14621	0.5935922911935403
[15107] -> 6971	0.5447151428963487
[6971] -> 15107	0.6886512742871562
[4640] -> 6971	0.604815075557884
[6971] -> 4640	0.5825999873832955
[6206] -> 6971	0.538041851952372
[6971] -> 6206	0.6096628185717891
[6797] -> 6971	0.7941071727836435
[6971] -> 6797	0.5978346580873076
[12672] -> 6972	0.594763262404217
[6972] -> 12672	0.48153101034356444
[14367] -> 6972	0.6938994998315494
[6972] -> 14367	0.6227186306260211
[14454] -> 6972	0.5157366039668763
[6972] -> 14454	0.4214987993557802
[4996] -> 6972	0.7086211778961717
[6972] -> 4996	0.625625759487415
[5317] -> 6972	0.5573013256404973
[6972] -> 5317	0.7548069375723148
[6844] -> 6972	0.69159326913191
[6972] -> 6844	0.4693268833834328
[9340] -> 6972	0.653142929560589
[6972] -> 9340	0.6592379833828514
[4432] -> 7234	0.4638597030406638
[7234] -> 4432	0.47968297899106804
[4996] -> 7234	0.5887571041904021
[7234] -> 4996	0.5919380789374367
[5317] -> 7234	0.4950846555395288
[7234] -> 5317	0.7635982016936921
[9340] -> 7234	0.5727032880941958
[7234] -> 9340	0.6582688322264966
[16879] -> 7617	0.5751385137956956
[7617] -> 16879	0.5841899860013292
[11337] -> 7624	0.6388876994356283
[7624] -> 11337	0.4905217477068744
[14538] -> 7624	0.49066864976720126
[7624] -> 14538	0.4989117927474767
[14712] -> 7624	0.5854115351018706
[7624] -> 14712	0.48913436565078733
[11064] -> 8387	0.49119530767106356
[8387] -> 11064	0.6283647375504712
[14454] -> 8387	0.5339702911129449
[8387] -> 14454	0.6313677658142665
[14691] -> 8387	0.5920376803563437
[8387] -> 14691	0.7010178331090176
[2452] -> 8387	0.5914817236731479
[8387] -> 2452	0.7456510767160162
[6037] -> 8387	0.566648381788261
[8387] -> 6037	0.7559808209959623
[8644] -> 8387	0.5906162057941633
[8387] -> 8644	0.7008748317631225
[15124] -> 8596	0.33663133206522744
[8596] -> 15124	0.7340924650638316
[2862] -> 8596	0.5755103311897606
[8596] -> 2862	0.7442511376907898
[14621] -> 8644	0.5771053676075739
[8644] -> 14621	0.5256427523338981
[15107] -> 8644	0.6389231939922408
[8644] -> 15107	0.7261205191638371
[3860] -> 8644	0.5792999862889052
[8644] -> 3860	0.6588858250692904
[3962] -> 8644	0.5854347101341334
[8644] -> 3962	0.5850446222877517
[6134] -> 8644	0.5760868743241301
[8644] -> 6134	0.5400041113466078
[12232] -> 8782	0.6007440651942837
[8782] -> 12232	0.6217750643459127
[3860] -> 8782	0.49533822777867803
[8782] -> 3860	0.5397518522794412
[11677] -> 9340	0.6650210552034378
[9340] -> 11677	0.5330940805087675
[1905] -> 9756	0.4039888419674025
[9756] -> 1905	0.5919551519364149
[12470] -> 9960	0.4073250129536597
[9960] -> 12470	0.6663994545186496
[5317] -> 9960	0.3359906243560684
[9960] -> 5317	0.7211687306501547
