[11064] -> 10042	0.5078578098081248
[10042] -> 11064	0.653351605589957
[11781] -> 10042	0.759540176542816
[10042] -> 11781	0.6645687409061686
[6972] -> 10042	0.42453965614479827
[10042] -> 6972	0.617678408283423
[11283] -> 10947	0.4627454437269982
[10947] -> 11283	0.6293562720576664
[14313] -> 10947	0.3663858349267049
[10947] -> 14313	0.5513536195178971
[1905] -> 10947	0.5039934825539726
[10947] -> 1905	0.7324081914024742
[11521] -> 11064	0.5824390888955007
[11064] -> 11521	0.5792488065334894
[14410] -> 11064	0.6072558308486324
[11064] -> 14410	0.5276502847223136
[16879] -> 11064	0.5889690118885208
[11064] -> 16879	0.5563986901458462
[6206] -> 11064	0.5477706563115444
[11064] -> 6206	0.5175830823656281
[14313] -> 11089	0.38739842256214146
[11089] -> 14313	0.5973603187887256
[11089] -> 11283	0.7042451417734543
[11283] -> 11089	0.505338607664676
[11677] -> 11283	0.5731470702367094
[11283] -> 11677	0.43941864821385285
[15124] -> 11283	0.557965059373211
[11283] -> 15124	0.6658274015470392
[15205] -> 11283	0.5099466896133851
[11283] -> 15205	0.5517773321286115
[16882] -> 11283	0.6497178512368516
[11283] -> 16882	0.41993190382793044
[2862] -> 11283	0.7666568051944007
[11283] -> 2862	0.5425325605482955
[5496] -> 11283	0.5477156838819888
[11283] -> 5496	0.46988011547700376
[8904] -> 11283	0.7894065304025784
[11283] -> 8904	0.5249300306322586
[9756] -> 11283	0.5866211335922271
[11283] -> 9756	0.42777177865438437
[15107] -> 11337	0.4844067712036725
[11337] -> 15107	0.6651108618017076
[571] -> 11337	0.5181874547897075
[11337] -> 571	0.6871119408737058
[11521] -> 11443	0.5266223676815762
[11443] -> 11521	0.7149114539856927
[14410] -> 11443	0.5524435834178384
[11443] -> 14410	0.6552405058746443
[3962] -> 11443	0.5356755261421914
[11443] -> 3962	0.6778415057759108
[14313] -> 1145	0.4430967176545571
[1145] -> 14313	0.6349301482654794
[14538] -> 1145	0.5884893947232281
[1145] -> 14538	0.649314325670334
[6206] -> 1145	0.5082569573477526
[1145] -> 6206	0.5211053555374802
[15107] -> 11781	0.46185272507266445
[11781] -> 15107	0.7159072231729365
[2372] -> 12155	0.6513814974119706
[12155] -> 2372	0.6547658305303348
[6206] -> 12155	0.5604779501311788
[12155] -> 6206	0.5901979320098784
[14454] -> 12161	0.5328249053811787
[12161] -> 14454	0.6151066433422853
[4432] -> 12161	0.4774527317313664
[12161] -> 4432	0.6124292671709333
[5317] -> 12161	0.3213433271515901
[12161] -> 5317	0.6147699181182809
[14454] -> 1220	0.5160069434563614
[1220] -> 14454	0.5403118272360903
[1905] -> 12232	0.5094384374629397
[12232] -> 1905	0.6482750022964975
[3282] -> 12232	0.6299735652767119
[12232] -> 3282	0.4847381336692781
[1145] -> 12317	0.5259642964167986
[12317] -> 1145	0.447327540171853
[1307] -> 12317	0.6502182217198677
[12317] -> 1307	0.47824530317005676
[15107] -> 12317	0.5318975088257675
[12317] -> 15107	0.517482644788582
[3860] -> 12317	0.4970334176773405
[12317] -> 3860	0.4839494635661925
[3962] -> 12317	0.5125231417445151
[12317] -> 3962	0.4384618185348803
[6386] -> 12317	0.5461234187895724
[12317] -> 6386	0.49095829894655074
[14621] -> 12470	0.5791755192889884
[12470] -> 14621	0.41913537137579127
[15107] -> 12470	0.5479959582350961
[12470] -> 15107	0.49481853612381443
[4432] -> 12470	0.5359994365583962
[12470] -> 4432	0.47147942057716996
[4996] -> 12470	0.7201261796413495
[12470] -> 4996	0.6158564058663182
[5317] -> 12470	0.5949799093344323
[12470] -> 5317	0.7805819009213995
[607] -> 12470	0.7276254887878062
[12470] -> 607	0.41081686904413256
[6844] -> 12470	0.6981904794544022
[12470] -> 6844	0.45895379485908666
[9340] -> 12470	0.6889329247217678
[12470] -> 9340	0.6735677758003109
[11521] -> 12582	0.5196072597441237
[12582] -> 11521	0.5469578652858395
[2372] -> 12582	0.5790916381132901
[12582] -> 2372	0.5528458679584082
[6206] -> 12582	0.5670264514916804
[12582] -> 6206	0.5670856474714995
[11521] -> 12785	0.48915336044166746
[12785] -> 11521	0.7450052364456619
[14410] -> 12785	0.5482813942576924
[12785] -> 14410	0.7295879320067671
[1905] -> 12870	0.3928617466136608
[12870] -> 1905	0.7533245666940211
[12672] -> 12911	0.575409165008941
[12911] -> 12672	0.5426212744055641
[14367] -> 12911	0.5554526135745199
[12911] -> 14367	0.5806069307400058
[14621] -> 12918	0.5956511249640057
[12918] -> 14621	0.5650613884192575
[15107] -> 12918	0.541371954642416
[12918] -> 15107	0.6408020731050064
[607] -> 12918	0.7345582954273402
[12918] -> 607	0.5436584987707551
[6206] -> 12918	0.5271369618015685
[12918] -> 6206	0.559236317728444
[1962] -> 13050	0.554243775726881
[13050] -> 1962	0.5474941111782394
[4656] -> 13050	0.5593812604181003
[13050] -> 4656	0.4966092605540583
[6972] -> 13050	0.4229639923019228
[13050] -> 6972	0.49381928275169196
[14313] -> 13462	0.45438973868706184
[13462] -> 14313	0.7676053968574408
[1905] -> 13651	0.41007832278888934
[13651] -> 1905	0.5890617940494618
[1220] -> 13728	0.5394998547388653
[13728] -> 1220	0.4809219613259669
[12232] -> 13728	0.49019723632927836
[13728] -> 12232	0.49610205057373563
[13651] -> 13728	0.5567019472198973
[13728] -> 13651	0.4991101784955376
[16954] -> 13728	0.6238913525498891
[13728] -> 16954	0.5979069273268168
[3938] -> 13728	0.5504753370217408
[13728] -> 3938	0.562918348916277
[571] -> 13728	0.5953420481554201
[13728] -> 571	0.6121042286442839
[6287] -> 13728	0.47106236581391137
[13728] -> 6287	0.6046403527411814
[11089] -> 14240	0.5978133181821672
[14240] -> 11089	0.5798233594471419
[15124] -> 14240	0.4361160870930211
[14240] -> 15124	0.703441958833517
[15205] -> 14240	0.42984363304938467
[14240] -> 15205	0.628667600011915
[3860] -> 14240	0.526175726376407
[14240] -> 3860	0.6287197283369574
[3962] -> 14240	0.5979259322310415
[14240] -> 3962	0.6277367370647285
[11521] -> 14312	0.5123078448874342
[14312] -> 11521	0.6806514520634586
[16879] -> 14312	0.5319765013781774
[14312] -> 16879	0.671375112001265
[16668] -> 14313	0.6972506927519782
[14313] -> 16668	0.41596458731676234
[2152] -> 14313	0.6906154480094959
[14313] -> 2152	0.5591340025493946
[2782] -> 14313	0.7118974048863946
[14313] -> 2782	0.4806704110898662
[4306] -> 14313	0.6373106310974804
[14313] -> 4306	0.4801027724665392
[1307] -> 14367	0.616845561724983
[14367] -> 1307	0.48439889081815124
[14312] -> 14410	0.669793917672482
[14410] -> 14312	0.5770156346960088
[3962] -> 14410	0.603238780243866
[14410] -> 3962	0.643580390791724
[11521] -> 14454	0.5887533472180898
[14454] -> 11521	0.6334907942289633
[13081] -> 14454	0.5073419544133227
[14454] -> 13081	0.5314234085541105
[2372] -> 14454	0.5751549172559597
[14454] -> 2372	0.5612674653538601
[571] -> 14454	0.5391456546450346
[14454] -> 571	0.5938718306251956
[6206] -> 14454	0.5368588070732165
[14454] -> 6206	0.5488247346404485
[11089] -> 14550	0.5851677249449108
[14550] -> 11089	0.5457110124588287
[1180] -> 14550	0.6781127322540015
[14550] -> 1180	0.528132607761707
[15205] -> 14550	0.4087842482318976
[14550] -> 15205	0.5748532149505943
[2152] -> 14550	0.48053162112462094
[14550] -> 2152	0.5594515251324645
[2782] -> 14550	0.6631293279548087
[14550] -> 2782	0.6438565086638981
[4306] -> 14550	0.6498691272506147
[14550] -> 4306	0.7039954174423602
[3962] -> 14621	0.672305804410586
[14621] -> 3962	0.7376355132186189
[1905] -> 14644	0.3810488756889982
[14644] -> 1905	0.7035175401018612
[10947] -> 14691	0.5558044913342874
[14691] -> 10947	0.5269566576444095
[11283] -> 14691	0.5538488661656786
[14691] -> 11283	0.714164943912818
[11337] -> 14691	0.6415768153673556
[14691] -> 11337	0.5322066167956069
[12918] -> 14691	0.6756122230507424
[14691] -> 12918	0.6501069173007112
[14313] -> 14691	0.44608428935627786
[14691] -> 14313	0.6364456568842665
[14550] -> 14691	0.6242016325361593
[14691] -> 14550	0.6193104722121581
[17157] -> 14691	0.6532952163140842
[14691] -> 17157	0.6087963456305989
[2372] -> 14691	0.5436319895020777
[14691] -> 2372	0.5297556886397704
[4640] -> 14691	0.5962769527988343
[14691] -> 4640	0.5174655271626778
[571] -> 14691	0.5912149943164204
[14691] -> 571	0.6503058332090109
[6206] -> 14691	0.5682790872460802
[14691] -> 6206	0.5801240382771041
[6971] -> 14691	0.6687011102699976
[14691] -> 6971	0.6024452448441707
[11064] -> 15124	0.6712410736595694
[15124] -> 11064	0.4712967921845279
[11781] -> 15124	0.7778228964237026
[15124] -> 11781	0.37143345214131374
[12672] -> 15124	0.6565599258870928
[15124] -> 12672	0.4220945908511699
[14367] -> 15124	0.76391012517169
[15124] -> 14367	0.5443683170510998
[14454] -> 15124	0.6494835092911413
[15124] -> 14454	0.4214943950950156
[17088] -> 15124	0.7067285233331723
[15124] -> 17088	0.40511366784243474
[2862] -> 15124	0.7247559285614188
[15124] -> 2862	0.42979556409167297
[5496] -> 15124	0.7068279024365183
[15124] -> 5496	0.5081488116124029
[8904] -> 15124	0.7020472754086678
[15124] -> 8904	0.3912122107518144
[9471] -> 15124	0.6643049778305984
[15124] -> 9471	0.3354863432381023
[9756] -> 15124	0.6594992369180556
[15124] -> 9756	0.40300836580546273
[1428] -> 15205	0.6575294262540247
[15205] -> 1428	0.38057607804599863
[7624] -> 1542	0.5137456027879146
[1542] -> 7624	0.6794351156986703
[1905] -> 15471	0.41075894215251024
[15471] -> 1905	0.7728719172633254
[11089] -> 15582	0.5774744132122264
[15582] -> 11089	0.42603617331014676
[11149] -> 15582	0.8038656476906211
[15582] -> 11149	0.5731821297277089
[1145] -> 15582	0.7479772250524422
[15582] -> 1145	0.5938177966341714
[11677] -> 15582	0.5420601043418273
[15582] -> 11677	0.42728235687298555
[15124] -> 15582	0.5081765129549946
[15582] -> 15124	0.6234826299004752
[15205] -> 15582	0.49762470913506823
[15582] -> 15205	0.5536000543789191
[3860] -> 15582	0.577779301232752
[15582] -> 3860	0.5251360889095327
[3962] -> 15582	0.5690351045191128
[15582] -> 3962	0.4544151717184305
[4745] -> 15582	0.640294943451678
[15582] -> 4745	0.4146562515931324
[6386] -> 15582	0.578368636345227
[15582] -> 6386	0.4853488464305337
[1905] -> 15887	0.3747943962339062
[15887] -> 1905	0.7291695925205145
[1220] -> 16242	0.5431053105981034
[16242] -> 1220	0.4094334748523036
[12470] -> 16242	0.7347878979026334
[16242] -> 12470	0.7326751578048835
[14312] -> 16242	0.6415081080131415
[16242] -> 14312	0.4101129905429386
[3938] -> 16242	0.5088119171926544
[16242] -> 3938	0.44002852842734236
[6287] -> 16242	0.566765824258258
[16242] -> 6287	0.615231259968102
[6692] -> 16242	0.7261852580909953
[16242] -> 6692	0.5117202417054159
[1145] -> 16377	0.5610399988583986
[16377] -> 1145	0.4334108672406381
[14621] -> 16377	0.6412178095304801
[16377] -> 14621	0.4541355704254076
[15107] -> 16377	0.5937901525641506
[16377] -> 15107	0.5247318465931013
[3860] -> 16377	0.5729928826953519
[16377] -> 3860	0.5067575760916296
[3962] -> 16377	0.6012881351123216
[16377] -> 3962	0.4672373309228005
[12470] -> 16384	0.5178535222690306
[16384] -> 12470	0.6653593163184821
[14312] -> 16384	0.6343136738171787
[16384] -> 14312	0.5225228484800243
[1798] -> 16384	0.6780563959180433
[16384] -> 1798	0.5562944577511162
[2152] -> 16384	0.4950029828348617
[16384] -> 2152	0.5824173438596745
[2782] -> 16384	0.5901062676528934
[16384] -> 2782	0.5790380120556033
[4306] -> 16384	0.56705575972292
[16384] -> 4306	0.6208056848031376
[15107] -> 16668	0.4591270286790664
[16668] -> 15107	0.6143791940707107
[1905] -> 16668	0.4056233596815526
[16668] -> 1905	0.656586986278503
[11781] -> 16954	0.8198605833840917
[16954] -> 11781	0.5875762195121951
[14367] -> 16954	0.5318501049576282
[16954] -> 14367	0.5688054323725055
[14454] -> 16954	0.5163057397342136
[16954] -> 14454	0.5028686252771618
[15755] -> 17088	0.6320598370789965
[17088] -> 15755	0.5805666972728297
[1905] -> 17088	0.47150422035567513
[17088] -> 1905	0.7365131525958859
[571] -> 17088	0.5357032138059316
[17088] -> 571	0.6680519982602813
[11064] -> 17157	0.5397690658740909
[17157] -> 11064	0.6257823518200877
[17088] -> 17157	0.5872597818908166
[17157] -> 17088	0.5558452449018487
[2452] -> 17157	0.5516795003536492
[17157] -> 2452	0.6302877834953307
[6037] -> 17157	0.5183699976671017
[17157] -> 6037	0.6267505241090147
[7624] -> 17157	0.5325508761547818
[17157] -> 7624	0.6174423480083857
[8644] -> 17157	0.5319019231178184
[17157] -> 8644	0.5720373546788641
[12470] -> 17169	0.4764299713893082
[17169] -> 12470	0.5812353992029683
[5496] -> 17169	0.5330285009697265
[17169] -> 5496	0.5702899546516422
[5317] -> 17324	0.31481815371934885
[17324] -> 5317	0.6690539184380987
[15107] -> 17355	0.517607873956813
[17355] -> 15107	0.6060955747558775
[3860] -> 17355	0.5062198511722986
[17355] -> 3860	0.5932339558425054
[6134] -> 17355	0.6098066350567541
[17355] -> 6134	0.5889540531263009
[571] -> 17560	0.4707683166270539
[17560] -> 571	0.7006565350712769
[11443] -> 17627	0.7186812792273654
[17627] -> 11443	0.7536757092565748
[16954] -> 1798	0.5244595343680709
[1798] -> 16954	0.6675957204724062
[10730] -> 1905	0.7849864878390551
[1905] -> 10730	0.4043910261368148
[12338] -> 1905	0.7743643729862507
[1905] -> 12338	0.3754853280121274
[1307] -> 1905	0.667758462795053
[1905] -> 1307	0.4173279502529119
[3962] -> 1905	0.7798537370814093
[1905] -> 3962	0.5668888992013035
[4745] -> 1905	0.6546397613861992
[1905] -> 4745	0.3859060229657473
[15107] -> 1962	0.5510397564961391
[1962] -> 15107	0.6071097245033296
[5496] -> 1962	0.5160165431496204
[1962] -> 5496	0.552168445357651
[9756] -> 1962	0.544508076580184
[1962] -> 9756	0.4952617871205822
[4306] -> 2372	0.5095510668111995
[2372] -> 4306	0.5620106437267625
[10168] -> 2452	0.6526628910367498
[2452] -> 10168	0.4875221864865946
[11443] -> 2452	0.7120033030849737
[2452] -> 11443	0.5293061801876342
[12232] -> 2452	0.5310027164284871
[2452] -> 12232	0.540002402145917
[2372] -> 2452	0.6011445651381497
[2452] -> 2372	0.5502181949207958
[571] -> 2452	0.5865777100341015
[2452] -> 571	0.6060147064711142
[6206] -> 2452	0.6408623701260291
[2452] -> 6206	0.6144822708286068
[11521] -> 2782	0.5781943204734041
[2782] -> 11521	0.6448993738984227
[13081] -> 2782	0.4954291070118721
[2782] -> 13081	0.5379385107779442
[14410] -> 2782	0.6018828230237169
[2782] -> 14410	0.5865295978643226
[16879] -> 2782	0.5517373388646045
[2782] -> 16879	0.5845605858363877
[4996] -> 2782	0.4802663207043932
[2782] -> 4996	0.5378057683940384
[5317] -> 2782	0.4044920667628271
[2782] -> 5317	0.6948621322851601
[9340] -> 2782	0.4558803198230374
[2782] -> 9340	0.5836166399952802
[14313] -> 2862	0.4060309114085405
[2862] -> 14313	0.6348504429877146
[14550] -> 2862	0.6478877273378205
[2862] -> 14550	0.7044516761907728
[1145] -> 3106	0.5194214935000071
[3106] -> 1145	0.5375357192961729
[15124] -> 3106	0.4690252820920054
[3106] -> 15124	0.7501162953828887
[15205] -> 3106	0.4049145353544097
[3106] -> 15205	0.5871920018311908
[3860] -> 3106	0.47861692447679705
[3106] -> 3860	0.5670489031314839
[3938] -> 3427	0.47819423881139766
[3427] -> 3938	0.5381074168797955
[6287] -> 3427	0.43946299697353786
[3427] -> 6287	0.6207234198027037
[12155] -> 3624	0.5900367137863566
[3624] -> 12155	0.5774808503313539
[2452] -> 3624	0.5796778455420175
[3624] -> 2452	0.6230742748945692
[6037] -> 3624	0.5756331927289235
[3624] -> 6037	0.6547895688097083
[7624] -> 3624	0.48919354308445934
[3624] -> 7624	0.5336015721375907
[8644] -> 3624	0.5790619041205617
[3624] -> 8644	0.5858937946466994
[1905] -> 3825	0.37748078023728865
[3825] -> 1905	0.699680785992813
[1220] -> 3860	0.5880096244813433
[3860] -> 1220	0.4919478479813529
[5317] -> 3925	0.30949927879662065
[3925] -> 5317	0.675011937419832
[10947] -> 3938	0.6833961500708092
[3938] -> 10947	0.5922491493285539
[11283] -> 3938	0.5344888379575555
[3938] -> 11283	0.6299774020104417
[12918] -> 3938	0.5671802671116066
[3938] -> 12918	0.4988701005220914
[14313] -> 3938	0.4232144279796049
[3938] -> 14313	0.5519299202576691
[14538] -> 3938	0.5143300569063631
[3938] -> 14538	0.5164809475570793
[14550] -> 3938	0.5729700701704139
[3938] -> 14550	0.5196303800098703
[2372] -> 3938	0.6255595246774076
[3938] -> 2372	0.5572092781630691
[6206] -> 3938	0.6158931640883247
[3938] -> 6206	0.57470323904517
[6971] -> 3938	0.595705589200101
[3938] -> 6971	0.49056468999194774
[2152] -> 3962	0.4707589930933535
[3962] -> 2152	0.5429461125415842
[4306] -> 3962	0.587407133225815
[3962] -> 4306	0.6303775739649167
[1428] -> 4432	0.6465154740749864
[4432] -> 1428	0.4705505720853102
[14367] -> 4432	0.47369580428641767
[4432] -> 14367	0.4681303342873424
[14454] -> 4432	0.6230969522779659
[4432] -> 14454	0.5607844643783254
[4656] -> 4432	0.5604288051872581
[4432] -> 4656	0.4692828284768509
[6972] -> 4432	0.4821996499816851
[4432] -> 6972	0.5310052950705262
[15205] -> 457	0.374129951068499
[457] -> 15205	0.6292972028570939
[2452] -> 457	0.501214418213604
[457] -> 2452	0.64331717510834
[6037] -> 457	0.4816173920719289
[457] -> 6037	0.654194001473082
[14313] -> 4640	0.38966897705544934
[4640] -> 14313	0.6406293488760457
[14550] -> 4640	0.5896462838321639
[4640] -> 14550	0.6741269503429984
[8904] -> 4640	0.644158512639088
[4640] -> 8904	0.6364544278721
[5317] -> 5054	0.33607218902397146
[5054] -> 5317	0.7552772739551576
[11149] -> 5317	0.7795087306757337
[5317] -> 11149	0.4212299951919775
[11677] -> 5317	0.7390232685149255
[5317] -> 11677	0.4414837900954736
[6859] -> 5317	0.7118817733990148
[5317] -> 6859	0.3101861391579092
[9340] -> 5317	0.7555185603354917
[5317] -> 9340	0.5630323167799987
[16954] -> 5496	0.5600401884700664
[5496] -> 16954	0.5190605854322667
[4432] -> 5496	0.5523456458129246
[5496] -> 4432	0.5540092734115107
[4996] -> 5496	0.5326150664813925
[5496] -> 4996	0.5193881089690072
[5317] -> 5496	0.42804708427776633
[5496] -> 5317	0.6403470465083422
[7234] -> 5496	0.48317895001688393
[5496] -> 7234	0.46864764889476856
[9340] -> 5496	0.4783059517500403
[5496] -> 9340	0.5332340059339558
[14454] -> 5862	0.5353362169545545
[5862] -> 14454	0.5910319043654471
[16377] -> 5926	0.4016238025420833
[5926] -> 16377	0.598878925609646
[3860] -> 5926	0.4496802821992596
[5926] -> 3860	0.5930269830441608
[1180] -> 6037	0.6934293147989814
[6037] -> 1180	0.47556446680664055
[13359] -> 6037	0.6731007676952435
[6037] -> 13359	0.4826136026885076
[2152] -> 6037	0.4996340645891376
[6037] -> 2152	0.5122224954445432
[2782] -> 6037	0.6377091614368625
[6037] -> 2782	0.5452298535318187
[4306] -> 6037	0.621784364011316
[6037] -> 4306	0.5931299298238977
[3860] -> 6134	0.4854039163872512
[6134] -> 3860	0.5889803912671945
[12155] -> 6287	0.5679937857702934
[6287] -> 12155	0.40098812695620684
[13763] -> 6287	0.7838628594409813
[6287] -> 13763	0.4033368685170336
[1542] -> 6287	0.7830812977729854
[6287] -> 1542	0.4658785793734965
[15755] -> 6287	0.7191585629981674
[6287] -> 15755	0.4242996456193901
[16139] -> 6287	0.7353906948299384
[6287] -> 16139	0.4043612095501694
[1962] -> 6287	0.5932489915406236
[6287] -> 1962	0.4466178638868052
[4656] -> 6287	0.7128427459436314
[6287] -> 4656	0.4823042499805997
[6972] -> 6287	0.6059793826421149
[6287] -> 6972	0.53919139139657
[1145] -> 6386	0.5334489204731937
[6386] -> 1145	0.5046710677304821
[16954] -> 6386	0.5104628603104212
[6386] -> 16954	0.497279710555803
[3860] -> 6386	0.48757899460281445
[6386] -> 3860	0.5280871572637803
[6287] -> 6692	0.4314752062909025
[6692] -> 6287	0.6646689884363121
[16377] -> 6971	0.4441425154057302
[6971] -> 16377	0.6354008957860208
[1905] -> 6971	0.49500105702249647
[6971] -> 1905	0.757010156447136
[11521] -> 6972	0.5548414823630533
[6972] -> 11521	0.4879150653231855
[13081] -> 6972	0.5670080686788557
[6972] -> 13081	0.48539749172921837
[14149] -> 6972	0.6694525001462562
[6972] -> 14149	0.46573367211074995
[14410] -> 6972	0.6024579618894825
[6972] -> 14410	0.46287305731113837
[16879] -> 6972	0.5754726174235042
[6972] -> 16879	0.4807053857469286
[6206] -> 6972	0.5121540463614411
[6972] -> 6206	0.42790029710856964
[13651] -> 7624	0.6088450741780421
[7624] -> 13651	0.5405003780780484
[16765] -> 7624	0.7228783408963942
[7624] -> 16765	0.4849656442121182
[11521] -> 8387	0.5701543852689345
[8387] -> 11521	0.725378532974428
[14410] -> 8387	0.6189553661969699
[8387] -> 14410	0.6880047106325707
[3938] -> 8387	0.48319436868490084
[8387] -> 3938	0.6259253028263795
[571] -> 8387	0.4971065412834556
[8387] -> 571	0.647442799461642
[6287] -> 8387	0.3790423963372048
[8387] -> 6287	0.6163105652759086
[13359] -> 8644	0.7007571427315177
[8644] -> 13359	0.5648706697950706
[16377] -> 8644	0.46052384994432993
[8644] -> 16377	0.5922536559086431
[4656] -> 8644	0.5622792127356975
[8644] -> 4656	0.5212620416380171
[6972] -> 8644	0.42687117349163617
[8644] -> 6972	0.5204255952591921
[15107] -> 8782	0.5082768858450907
[8782] -> 15107	0.5534088053731383
[4306] -> 9340	0.5473851889062211
[9340] -> 4306	0.47705592294753335
[15205] -> 9756	0.4077709944652922
[9756] -> 15205	0.6050635397935901
[2152] -> 9756	0.516676199437874
[9756] -> 2152	0.6347179618912343
[11064] -> 9960	0.4747695261642052
[9960] -> 11064	0.6652845348665782
[14691] -> 9960	0.532057429864382
[9960] -> 14691	0.6900891935721657
