[11089] -> 10042	0.554640172600447
[10042] -> 11089	0.6110885527696004
[15205] -> 10042	0.3746696741803591
[10042] -> 15205	0.6224748756471423
[2782] -> 10042	0.589501552348434
[10042] -> 2782	0.6762173045037729
[4306] -> 10042	0.5534529254686302
[10042] -> 4306	0.7083291036443
[11521] -> 10168	0.4911567324539654
[10168] -> 11521	0.6635788683829703
[1145] -> 10359	0.5177447664711674
[10359] -> 1145	0.6774654330554285
[12155] -> 10583	0.5282754779753923
[10583] -> 12155	0.6182112872934337
[1905] -> 10583	0.4604286870749351
[10583] -> 1905	0.7657727962678695
[11521] -> 10947	0.5336242520413897
[10947] -> 11521	0.6047490952141888
[14410] -> 10947	0.5485311256073011
[10947] -> 14410	0.5431262504027513
[4432] -> 10947	0.4851296235825922
[10947] -> 4432	0.5677409202964251
[5317] -> 10947	0.36361528951164224
[10947] -> 5317	0.6346763376967861
[14312] -> 11064	0.6664031342785361
[11064] -> 14312	0.498836123568169
[8904] -> 11064	0.6638027457186176
[11064] -> 8904	0.5268283380896646
[11521] -> 11089	0.5705378690204634
[11089] -> 11521	0.662538485753553
[14410] -> 11089	0.6239499931891449
[11089] -> 14410	0.6330474574449299
[16879] -> 11089	0.5047470557117799
[11089] -> 16879	0.5567746443186966
[2152] -> 11089	0.44744367977268956
[11089] -> 2152	0.5585943198482837
[2782] -> 11089	0.5535578646175177
[11089] -> 2782	0.5763303977948911
[4306] -> 11089	0.5540742405414696
[11089] -> 4306	0.643620002610505
[3624] -> 11182	0.5359683851163325
[11182] -> 3624	0.7059162486657031
[14621] -> 11283	0.7428264574723914
[11283] -> 14621	0.5258611190691319
[15107] -> 11283	0.6707209061537118
[11283] -> 15107	0.5924477158031601
[17627] -> 11283	0.7206084451891036
[11283] -> 17627	0.4217775525045728
[2452] -> 11283	0.6815088145409899
[11283] -> 2452	0.5627024704145271
[5401] -> 11283	0.6024268089091576
[11283] -> 5401	0.40755779359587463
[6037] -> 11283	0.6395230799301391
[11283] -> 6037	0.5588128346959914
[7624] -> 11283	0.6700595061971923
[11283] -> 7624	0.5614408180355687
[8644] -> 11283	0.6602539110956739
[11283] -> 8644	0.5131674636930604
[1905] -> 11443	0.44933768517229467
[11443] -> 1905	0.7821938587751659
[11283] -> 11490	0.4026379002578399
[11490] -> 11283	0.812826016838874
[14454] -> 12155	0.5771107822771121
[12155] -> 14454	0.5944628868321352
[15124] -> 12161	0.34795194740438423
[12161] -> 15124	0.6189584513924821
[15205] -> 12161	0.36785694282499226
[12161] -> 15205	0.5933426959371229
[3938] -> 12161	0.4810644432322917
[12161] -> 3938	0.6084214157242467
[15205] -> 1220	0.47055199417506377
[1220] -> 15205	0.6884260397345074
[1905] -> 1220	0.47384513846994697
[1220] -> 1905	0.684574757339412
[15107] -> 12232	0.5349600189613662
[12232] -> 15107	0.562759996325604
[5317] -> 12232	0.3740770313895185
[12232] -> 5317	0.571755705155965
[571] -> 12232	0.5836325824119045
[12232] -> 571	0.5929228508063987
[11283] -> 12317	0.5138726667695088
[12317] -> 11283	0.5659983494344386
[12918] -> 12317	0.5867817407289829
[12317] -> 12918	0.4822988980047575
[13728] -> 12317	0.5858279324266893
[12317] -> 13728	0.5353475896888198
[14313] -> 12317	0.6026878186743149
[12317] -> 14313	0.7344956065828439
[14538] -> 12317	0.48620020693222965
[12317] -> 14538	0.4562478761104908
[14550] -> 12317	0.5593226406988401
[12317] -> 14550	0.4740217971746202
[14712] -> 12317	0.6727550305729778
[12317] -> 14712	0.5187691150055828
[17157] -> 12317	0.5785553649704593
[12317] -> 17157	0.46053206466333313
[1905] -> 12317	0.4941193455741694
[12317] -> 1905	0.5815209476188165
[7617] -> 12317	0.5227018848715375
[12317] -> 7617	0.4486382834118161
[11337] -> 12470	0.619121840931085
[12470] -> 11337	0.40715605217508843
[14313] -> 12470	0.6372341061185469
[12470] -> 14313	0.7207697853071707
[14538] -> 12470	0.5403453181583032
[12470] -> 14538	0.4706064565545518
[14550] -> 12470	0.5718029500214807
[12470] -> 14550	0.44976232850480974
[14712] -> 12470	0.7282585600402919
[12470] -> 14712	0.5211989456847417
[2862] -> 12582	0.5668140697257991
[12582] -> 2862	0.5067092607285533
[5496] -> 12582	0.4745366505259642
[12582] -> 5496	0.5142745785832602
[571] -> 12582	0.5162369536013227
[12582] -> 571	0.5562979357191575
[1905] -> 12672	0.39216565862813946
[12672] -> 1905	0.5462020725760699
[11677] -> 12911	0.5237499820348093
[12911] -> 11677	0.493590047473605
[15124] -> 12911	0.48354540250050787
[12911] -> 15124	0.7092868123607452
[15205] -> 12911	0.4569061645544484
[12911] -> 15205	0.6077095509308483
[3106] -> 12911	0.569123760438895
[12911] -> 3106	0.521986171026879
[7624] -> 12911	0.48876615050793953
[12911] -> 7624	0.5034098373978233
[11337] -> 12918	0.6229242851148012
[12918] -> 11337	0.5370065485902443
[14313] -> 12918	0.4445556485022307
[12918] -> 14313	0.6591484617826636
[14550] -> 12918	0.5552985822712302
[12918] -> 14550	0.5725623666472253
[2862] -> 12918	0.6110038459741837
[12918] -> 2862	0.5794136538475737
[2152] -> 13050	0.5213072811921499
[13050] -> 2152	0.5753938892019034
[4306] -> 13050	0.4861988737011872
[13050] -> 4306	0.49933135568483433
[4996] -> 13651	0.5222098559734469
[13651] -> 4996	0.5873212209194669
[5317] -> 13651	0.4372424273645168
[13651] -> 5317	0.7543940213164658
[9340] -> 13651	0.5131742666881726
[13651] -> 9340	0.6598253501514668
[12155] -> 13728	0.5762305713720405
[13728] -> 12155	0.5221592116447089
[12785] -> 13728	0.7402320148231692
[13728] -> 12785	0.48812685932851674
[14240] -> 13728	0.6426379911232909
[13728] -> 14240	0.5730450488737782
[15755] -> 13728	0.6550599335338425
[13728] -> 15755	0.49607548873778157
[1962] -> 13728	0.5141940227736584
[13728] -> 1962	0.49687234381640455
[4656] -> 13728	0.6053203040173724
[13728] -> 4656	0.5256919358266043
[6972] -> 13728	0.5369467006994552
[13728] -> 6972	0.6132463875903102
[5317] -> 14103	0.31663833367676353
[14103] -> 5317	0.6359082679541339
[14621] -> 14240	0.5963048570739262
[14240] -> 14621	0.5705891990110512
[15107] -> 14240	0.5720906153711812
[14240] -> 15107	0.6830374430311875
[1905] -> 14240	0.5563341428578794
[14240] -> 1905	0.8034911083971285
[571] -> 14240	0.5064715304329854
[14240] -> 571	0.5839712847398052
[12232] -> 14313	0.5161148511213469
[14313] -> 12232	0.39166567080943276
[13651] -> 14313	0.7299741506373459
[14313] -> 13651	0.4907385277246654
[16765] -> 14313	0.7127245641030667
[14313] -> 16765	0.36209369024856597
[16954] -> 14313	0.6726025498891351
[14313] -> 16954	0.4833393084767368
[2372] -> 14313	0.564912152803091
[14313] -> 2372	0.38583990599107715
[6206] -> 14313	0.5753912746960619
[14313] -> 6206	0.41169733906947104
[1905] -> 14410	0.550884031741612
[14410] -> 1905	0.8085165957833239
[16879] -> 14538	0.5219464320516747
[14538] -> 16879	0.4849133471288153
[14621] -> 14550	0.6154031737137431
[14550] -> 14621	0.5661964771588144
[15107] -> 14550	0.569327495228472
[14550] -> 15107	0.6535729629099242
[2372] -> 14550	0.5275497557775024
[14550] -> 2372	0.518144064155807
[6206] -> 14550	0.5599212231292232
[14550] -> 6206	0.5761062580552772
[16954] -> 14621	0.5427175720620842
[14621] -> 16954	0.6095662798751682
[1905] -> 14621	0.5076750145662856
[14621] -> 1905	0.76625964060299
[10042] -> 14691	0.695699252190979
[14691] -> 10042	0.5842444392347421
[11521] -> 14691	0.6565440179840655
[14691] -> 11521	0.7054339563663747
[14410] -> 14691	0.6824249670808674
[14691] -> 14410	0.6406299950981437
[16384] -> 14691	0.5733575506718864
[14691] -> 16384	0.5628893956508458
[16879] -> 14691	0.5767881504580004
[14691] -> 16879	0.5886916306131583
[2862] -> 14691	0.6879544711396228
[14691] -> 2862	0.627757294175316
[3624] -> 14691	0.5580156066213386
[14691] -> 3624	0.5527233719088113
[5496] -> 14691	0.5049770733524281
[14691] -> 5496	0.5586127036224008
[8904] -> 14691	0.6553269758154717
[14691] -> 8904	0.5619090243885112
[11089] -> 15124	0.7015271454128054
[15124] -> 11089	0.4218406618774123
[11149] -> 15124	0.6124422059454392
[15124] -> 11149	0.35592993407080464
[11677] -> 15124	0.7218772905618074
[15124] -> 11677	0.463789728342167
[15205] -> 15124	0.653462120093484
[15124] -> 15205	0.5925224842564036
[16882] -> 15124	0.6642685442487684
[15124] -> 16882	0.35978503758148817
[2452] -> 15124	0.7095004871018109
[15124] -> 2452	0.4909139596299101
[5401] -> 15124	0.6272160918604177
[15124] -> 5401	0.35558828417883986
[6037] -> 15124	0.6595670897409222
[15124] -> 6037	0.4829636743060814
[7624] -> 15124	0.7466614064503402
[15124] -> 7624	0.5242756098912261
[8644] -> 15124	0.6418804448760571
[15124] -> 8644	0.4180686623945041
[10168] -> 15205	0.6964339949618567
[15205] -> 10168	0.3969663487731483
[12232] -> 15205	0.4922443998267785
[15205] -> 12232	0.3819864865552936
[13651] -> 15205	0.6391754868049743
[15205] -> 13651	0.43940080551128574
[16954] -> 15205	0.6442766075388027
[15205] -> 16954	0.47343900365076863
[2152] -> 15205	0.5959089036083076
[15205] -> 2152	0.49335274978742033
[2782] -> 15205	0.6060279791446966
[15205] -> 2782	0.4184279800607952
[4306] -> 15205	0.5928469449805674
[15205] -> 4306	0.4566923120006925
[11283] -> 15393	0.4011889283116998
[15393] -> 11283	0.6856069521989248
[5317] -> 15393	0.3538661652586029
[15393] -> 5317	0.7761060530453531
[16377] -> 1542	0.41061369373739154
[1542] -> 16377	0.6478082036922701
[15107] -> 15471	0.46921272906453104
[15471] -> 15107	0.7298348759143916
[14621] -> 15582	0.5674005587853034
[15582] -> 14621	0.4129795682540402
[15107] -> 15582	0.5567843019847062
[15582] -> 15107	0.5056503095633259
[1905] -> 15582	0.5216277115205139
[15582] -> 1905	0.5730461824299447
[7617] -> 15582	0.6886214844247112
[15582] -> 7617	0.5517194500931806
[16377] -> 16242	0.5677686770363675
[16242] -> 16377	0.5784756385201159
[16668] -> 16242	0.6214569492204453
[16242] -> 16668	0.4181436305231709
[1962] -> 16242	0.5062569149045829
[16242] -> 1962	0.41371835478581215
[6972] -> 16242	0.7118105017122989
[16242] -> 6972	0.6875182514545005
[11337] -> 16377	0.6397869261006962
[16377] -> 11337	0.4117711904578175
[14313] -> 16377	0.5977583253664756
[16377] -> 14313	0.6616967799543616
[14538] -> 16377	0.5437726332126229
[16377] -> 14538	0.46348924630427835
[14550] -> 16377	0.700844909064872
[16377] -> 14550	0.5395037095013946
[14712] -> 16377	0.5946660580925925
[16377] -> 14712	0.41651141512241907
[1905] -> 16377	0.5492288891982613
[16377] -> 1905	0.5871154079349157
[7617] -> 16377	0.5942152967294014
[16377] -> 7617	0.4632577469601932
[16377] -> 16384	0.5307563414284613
[16384] -> 16377	0.6968008509837691
[16668] -> 16384	0.6403699128634861
[16384] -> 16668	0.5551945467570716
[4640] -> 16384	0.6060184351413743
[16384] -> 4640	0.5357000716389397
[6971] -> 16384	0.5838931995962655
[16384] -> 6971	0.5358230880001157
[5317] -> 16668	0.3740298097396799
[16668] -> 5317	0.7272059559977297
[1905] -> 16765	0.38747866619229554
[16765] -> 1905	0.7365212533445717
[11677] -> 16954	0.5387113928053003
[16954] -> 11677	0.5194429046563193
[2152] -> 16954	0.5063746563589734
[16954] -> 2152	0.5705030487804877
[2782] -> 16954	0.6352165544501884
[16954] -> 2782	0.596840354767184
[4306] -> 16954	0.59284033524575
[16954] -> 4306	0.621480044345898
[571] -> 16954	0.4980494988116152
[16954] -> 571	0.5343264966740576
[11064] -> 17088	0.5203382474782677
[17088] -> 11064	0.6373491841041253
[4432] -> 17088	0.4691035516029273
[17088] -> 4432	0.5901029333591069
[5317] -> 17088	0.38843241294044917
[17088] -> 5317	0.728773015029237
[15124] -> 17157	0.432851945557628
[17157] -> 15124	0.7147246045359252
[15205] -> 17157	0.39352434100317213
[17157] -> 15205	0.5891900133409567
[3860] -> 17157	0.4784486519500916
[17157] -> 3860	0.5852410901467505
[3962] -> 17157	0.5298590570226771
[17157] -> 3962	0.5694606441776253
[16377] -> 17169	0.4375943911016062
[17169] -> 16377	0.5454926480692593
[6037] -> 17169	0.4958102407929331
[17169] -> 6037	0.540305070770922
[2152] -> 17308	0.4465027030019004
[17308] -> 2152	0.6578291637595934
[11283] -> 17355	0.4486689291932036
[17355] -> 11283	0.594782316552122
[14313] -> 17355	0.37235101975780754
[17355] -> 14313	0.5461623295525091
[1905] -> 17355	0.4810328914463677
[17355] -> 1905	0.6813663552903542
[12732] -> 1905	0.7526950157126377
[1905] -> 12732	0.3902630181343811
[14367] -> 1905	0.5415813615984658
[1905] -> 14367	0.43101768063483226
[2391] -> 1905	0.7420741589911848
[1905] -> 2391	0.38717444996158623
[30] -> 1905	0.7334667646288837
[1905] -> 30	0.44782691643334827
[3282] -> 1905	0.6499019357039312
[1905] -> 3282	0.39297518317426433
[7617] -> 1905	0.5956010237411801
[1905] -> 7617	0.43437437158723524
[10947] -> 1962	0.5554972762762537
[1962] -> 10947	0.5094523739168081
[11283] -> 1962	0.48745509839786677
[1962] -> 11283	0.6080099505906446
[14313] -> 1962	0.4039047562141492
[1962] -> 14313	0.5574323627842412
[14538] -> 1962	0.548131143300569
[1962] -> 14538	0.5824875102220328
[2452] -> 1962	0.5276380233008153
[1962] -> 2452	0.5433998309499104
[5401] -> 1962	0.6130787084164664
[1962] -> 5401	0.5173413781018287
[6037] -> 1962	0.5485211316448193
[1962] -> 6037	0.5978325854355789
[7624] -> 1962	0.4864713811355492
[1962] -> 7624	0.5084215806870581
[8644] -> 1962	0.5769211684730601
[1962] -> 8644	0.5592946625526565
[11521] -> 2372	0.5416906344011372
[2372] -> 11521	0.5972734562951083
[13081] -> 2372	0.5440041837594066
[2372] -> 13081	0.5839250564992345
[571] -> 2372	0.4665960524956081
[2372] -> 571	0.5266749289203179
[6206] -> 2372	0.5462396570561667
[2372] -> 6206	0.5722315375082015
[12155] -> 2452	0.6436637574105423
[2452] -> 12155	0.5860902406149493
[12785] -> 2452	0.7407153790381052
[2452] -> 12785	0.4908117918674015
[8904] -> 2452	0.6463292376778212
[2452] -> 8904	0.5205316749629668
[14312] -> 2782	0.6419209754212126
[2782] -> 14312	0.5388972057728189
[10042] -> 2862	0.657674347781951
[2862] -> 10042	0.6052738115628358
[11521] -> 2862	0.5509206915931105
[2862] -> 11521	0.6487084066455943
[14410] -> 2862	0.5912881597069818
[2862] -> 14410	0.6083023215981813
[16879] -> 2862	0.5527187682712921
[2862] -> 16879	0.6182208865982591
[4656] -> 2862	0.57404688718631
[2862] -> 4656	0.5844868660760163
[6972] -> 2862	0.43885435865830186
[2862] -> 6972	0.5876321567039845
[15107] -> 3106	0.49751132068410614
[3106] -> 15107	0.5889641219513996
[1905] -> 3106	0.4542412383147452
[3106] -> 1905	0.6504862254579823
[7617] -> 3106	0.5700428444167928
[3106] -> 7617	0.5953437543841513
[14367] -> 3427	0.5180630782387851
[3427] -> 14367	0.5843039824625503
[6972] -> 3427	0.5170503107720753
[3427] -> 6972	0.6498209718670077
[11064] -> 3624	0.48363339865069244
[3624] -> 11064	0.5275124078377371
[14454] -> 3624	0.6023946387410716
[3624] -> 14454	0.6073026938634994
[3860] -> 3624	0.5317661136525109
[3624] -> 3860	0.6119574260550248
[3962] -> 3624	0.5317529561140311
[3624] -> 3962	0.5376681871647014
[6134] -> 3624	0.5961342135710882
[3624] -> 6134	0.5653885876581461
[5317] -> 3825	0.32750360601689676
[3825] -> 5317	0.7291268445599818
[13359] -> 3860	0.6444067289851121
[3860] -> 13359	0.4567041021102621
[4656] -> 3860	0.5966111544402135
[3860] -> 4656	0.486282672915602
[571] -> 3860	0.5601167717267749
[3860] -> 571	0.54049135577798
[6972] -> 3860	0.4913571058950759
[3860] -> 6972	0.5266867762723273
[15124] -> 3925	0.3828279377273819
[3925] -> 15124	0.7763442470999091
[10042] -> 3938	0.6263492708016106
[3938] -> 10042	0.48080469622587596
[11521] -> 3938	0.6082977949684286
[3938] -> 11521	0.5974311021065482
[13081] -> 3938	0.5461775652693635
[3938] -> 13081	0.5222018753733862
[14410] -> 3938	0.6290429991978326
[3938] -> 14410	0.5397737603574119
[16879] -> 3938	0.5238675279115739
[3938] -> 16879	0.48873347359671676
[2862] -> 3938	0.5862541457110382
[3938] -> 2862	0.4889867269279722
[5496] -> 3938	0.5731854553861566
[3938] -> 5496	0.5795799890906257
[2372] -> 3962	0.54350805569731
[3962] -> 2372	0.5288234417892026
[571] -> 3962	0.5199377389686887
[3962] -> 571	0.5710283091807999
[6206] -> 3962	0.5995741038435041
[3962] -> 6206	0.6111335730853531
[2152] -> 4123	0.49107917120242073
[4123] -> 2152	0.6557333968415606
[6206] -> 4356	0.5117712965475967
[4356] -> 6206	0.6936427089228449
[11089] -> 4432	0.5795321053722657
[4432] -> 11089	0.4832792301338814
[11677] -> 4432	0.5693456358958882
[4432] -> 11677	0.5072831230031437
[15205] -> 4432	0.4909392709664608
[4432] -> 15205	0.6173463181012018
[2152] -> 4432	0.4839818692841812
[4432] -> 2152	0.5038576541621047
[2782] -> 4432	0.5822302195411538
[4432] -> 2782	0.5055031597549029
[30] -> 4432	0.618977646035486
[4432] -> 30	0.46928923122234817
[4306] -> 4432	0.5601551965735135
[4432] -> 4306	0.5426134726570754
[15107] -> 457	0.4789678529995135
[457] -> 15107	0.657671160137716
[16879] -> 4640	0.5198861263468552
[4640] -> 16879	0.6114294602072725
[2452] -> 4640	0.48903020031227895
[4640] -> 2452	0.5999525205062296
[571] -> 4640	0.49704841376459646
[4640] -> 571	0.6299955794954075
[6037] -> 4640	0.47093019590040414
[4640] -> 6037	0.611421274087657
[7624] -> 4640	0.4971890719005819
[4640] -> 7624	0.6189934347320682
[5317] -> 4745	0.3656544062092177
[4745] -> 5317	0.7450296080540905
[5317] -> 4996	0.5148533553128649
[4996] -> 5317	0.7898213333157718
[6844] -> 4996	0.6922015833304774
[4996] -> 6844	0.53205529249837
[9340] -> 4996	0.6019666351759257
[4996] -> 9340	0.6881861347277193
[12470] -> 5054	0.4105746919281804
[5054] -> 12470	0.7033149384478833
[6206] -> 5085	0.5168444713529162
[5085] -> 6206	0.6567595769516466
[15107] -> 5317	0.6684567693324851
[5317] -> 15107	0.460071948622845
[30] -> 5317	0.6700193390928361
[5317] -> 30	0.3405925887767017
[12155] -> 5496	0.6482731329830501
[5496] -> 12155	0.5681184736118782
[1220] -> 5496	0.6066626440506254
[5496] -> 1220	0.5230037119334163
[11521] -> 5582	0.47946047803233166
[5582] -> 11521	0.7842110954904293
[571] -> 5862	0.5736669422341635
[5862] -> 571	0.6976389827047236
[1905] -> 5926	0.4472287963865299
[5926] -> 1905	0.7128849583706615
[5862] -> 5926	0.5951711462636862
[5926] -> 5862	0.6228044941603861
[15124] -> 5939	0.36358473840698813
[5939] -> 15124	0.810929648241206
[10168] -> 6037	0.6476515462812427
[6037] -> 10168	0.4571345703999344
[12232] -> 6037	0.5523798275658439
[6037] -> 12232	0.5308037149828816
[16954] -> 6037	0.587319844789357
[6037] -> 16954	0.5344354701420546
[2372] -> 6037	0.7528322519501349
[6037] -> 2372	0.6511056046304878
[6206] -> 6037	0.6720530004105861
[6037] -> 6206	0.6088990611660707
[1905] -> 6042	0.3948571988388221
[6042] -> 1905	0.7635147261161738
[1905] -> 6134	0.47243233766970366
[6134] -> 1905	0.6928771826342098
[1180] -> 6206	0.6845942392733357
[6206] -> 1180	0.5182014934201827
[4306] -> 6206	0.5727070829918304
[6206] -> 4306	0.602977097642957
[11064] -> 6287	0.5842002130485672
[6287] -> 11064	0.45962906438345535
[1180] -> 6287	0.6648371348980886
[6287] -> 1180	0.3741172818748545
[12672] -> 6287	0.6047167982075018
[6287] -> 12672	0.43562947825862025
[14367] -> 6287	0.6201700054422474
[6287] -> 14367	0.495211981686024
[14454] -> 6287	0.5400315870350871
[6287] -> 14454	0.39271062365813914
[17088] -> 6287	0.6509447639298314
[6287] -> 17088	0.41811738534364573
[2152] -> 6287	0.6882168797702295
[6287] -> 2152	0.5789182337877338
[2782] -> 6287	0.6347298323758674
[6287] -> 2782	0.44527794304043045
[4123] -> 6287	0.6714270462925703
[6287] -> 4123	0.42297524509169926
[4306] -> 6287	0.6474896227163367
[6287] -> 4306	0.5067901394241962
[1905] -> 6386	0.42039589359650614
[6386] -> 1905	0.5503489800602108
[7617] -> 6386	0.6174262241766943
[6386] -> 7617	0.5894860475476894
[12317] -> 6692	0.5181016068741201
[6692] -> 12317	0.6804246128834307
[12911] -> 6692	0.5779047954436174
[6692] -> 12911	0.6800659871372898
[6972] -> 6692	0.4922118017803257
[6692] -> 6972	0.674662692562102
[16954] -> 6971	0.5479628603104213
[6971] -> 16954	0.6235963916225082
[17560] -> 6971	0.7282348530726419
[6971] -> 17560	0.5973930734292203
[4432] -> 6971	0.47706216425603293
[6971] -> 4432	0.5875362730254857
[5317] -> 6971	0.38665945463287316
[6971] -> 5317	0.7102416098914964
[571] -> 6971	0.5669629017257415
[6971] -> 571	0.6922154933131466
[14312] -> 6972	0.6783411514608478
[6972] -> 14312	0.44898279561139826
[12672] -> 7234	0.636171694901865
[7234] -> 12672	0.5865352146248121
[14367] -> 7234	0.6001438308238526
[7234] -> 14367	0.6133244168415756
[12155] -> 7624	0.5304226115886591
[7624] -> 12155	0.4759312226715324
[4656] -> 7624	0.6367237081555565
[7624] -> 4656	0.5475359174146036
[1180] -> 8644	0.6861663494865359
[8644] -> 1180	0.5290523346069056
[12232] -> 8644	0.5445520517564926
[8644] -> 12232	0.588298256930809
[16954] -> 8644	0.5078228935698448
[8644] -> 16954	0.5195111750653917
[2152] -> 8644	0.4547931388648007
[8644] -> 2152	0.5241825154352711
[2782] -> 8644	0.5667288589317188
[8644] -> 2782	0.5447463370028283
[4306] -> 8644	0.5643127197736827
[8644] -> 4306	0.6051902206658963
[11283] -> 8782	0.4761938867708311
[8782] -> 11283	0.5869773380146824
[14313] -> 8782	0.39559930688336525
[8782] -> 14313	0.5395481185187198
[14550] -> 8782	0.536667621366175
[8782] -> 14550	0.5090016366612111
[4306] -> 8782	0.4984004441741798
[8782] -> 4306	0.5120780164481056
[15124] -> 9960	0.3972926554507008
[9960] -> 15124	0.7929013710747457
