[14621] -> 10042	0.5735020584778937
[10042] -> 14621	0.6233800291002606
[15107] -> 10042	0.5167471277272557
[10042] -> 15107	0.7008425540554258
[571] -> 10042	0.4874315387000103
[10042] -> 571	0.6384292626806077
[7617] -> 10359	0.5500134330679713
[10359] -> 7617	0.726302620645872
[5317] -> 10583	0.32078096023078506
[10583] -> 5317	0.6408081708958999
[2452] -> 11064	0.5952651034924532
[11064] -> 2452	0.5866068727889635
[571] -> 11064	0.6819391340291413
[11064] -> 571	0.6942884572390484
[6037] -> 11064	0.5477392954647196
[11064] -> 6037	0.571233182971896
[7624] -> 11064	0.5686491106946773
[11064] -> 7624	0.5686752850510922
[6206] -> 11089	0.5629762625524541
[11089] -> 6206	0.6211312700106725
[6037] -> 11182	0.4647511680254222
[11182] -> 6037	0.6962904185677444
[11337] -> 11283	0.7239802341414955
[11283] -> 11337	0.46574806620093884
[1145] -> 11283	0.5874466658104657
[11283] -> 1145	0.45360535072834257
[12870] -> 11283	0.7806428649113613
[11283] -> 12870	0.4349946007889459
[12918] -> 11283	0.7091156080886534
[11283] -> 12918	0.5291722678890186
[14313] -> 11283	0.5525613448056087
[11283] -> 14313	0.611389029684642
[14538] -> 11283	0.5726073460941542
[11283] -> 14538	0.48784626572933426
[14550] -> 11283	0.7643777745954461
[11283] -> 14550	0.5881448751570179
[14712] -> 11283	0.5753779323695829
[11283] -> 14712	0.40281971042598674
[3860] -> 11283	0.6326984680967754
[11283] -> 3860	0.5593086806091192
[3962] -> 11283	0.6907269877073889
[11283] -> 3962	0.5364942592062057
[4577] -> 11283	0.7238054021506996
[11283] -> 4577	0.4238601053397096
[6134] -> 11283	0.5794974175155214
[11283] -> 6134	0.4221907574321793
[6974] -> 11283	0.6909629602281643
[11283] -> 6974	0.412439121140666
[9728] -> 11283	0.8082031771459084
[11283] -> 9728	0.4002633492738612
[16879] -> 11337	0.5027424339449286
[11337] -> 16879	0.6185651768050905
[5317] -> 11443	0.3344451885431692
[11443] -> 5317	0.6992756550071357
[12470] -> 1145	0.47358579828335845
[1145] -> 12470	0.5999686059620132
[7624] -> 1145	0.4816977348193444
[1145] -> 7624	0.522703597471353
[11677] -> 11521	0.5357722876155161
[11521] -> 11677	0.49295513901285987
[15107] -> 11677	0.5066614273417911
[11677] -> 15107	0.5837321605656879
[11521] -> 11781	0.4978081920063473
[11781] -> 11521	0.7279345650723671
[15107] -> 1180	0.5011913226800395
[1180] -> 15107	0.738744702172454
[15107] -> 12161	0.4949852176191011
[12161] -> 15107	0.6517604158967157
[1962] -> 12161	0.49522055539139226
[12161] -> 1962	0.5918479644549569
[15107] -> 1220	0.5027444082681537
[1220] -> 15107	0.6004350384755776
[5317] -> 1220	0.3627824713235799
[1220] -> 5317	0.6295245118853405
[5317] -> 12299	0.3435031595576619
[12299] -> 5317	0.7635209923664122
[10042] -> 12317	0.6116807092342571
[12317] -> 10042	0.4387834360891305
[11521] -> 12317	0.5340011240040993
[12317] -> 11521	0.49010267488713044
[13081] -> 12317	0.5422994376375343
[12317] -> 13081	0.4845259478615467
[14149] -> 12317	0.6502386066375269
[12317] -> 14149	0.47212850138356227
[14410] -> 12317	0.5725810113362897
[12317] -> 14410	0.45913636584300205
[16384] -> 12317	0.6547582004877236
[12317] -> 16384	0.549073984173989
[16879] -> 12317	0.5260461619845755
[12317] -> 16879	0.4586144958493131
[3427] -> 12317	0.6148045305078553
[12317] -> 3427	0.5105587649885917
[4432] -> 12317	0.5305442973947228
[12317] -> 4432	0.5028278071751056
[4996] -> 12317	0.6837342851686236
[12317] -> 4996	0.6300245157531918
[5317] -> 12317	0.5282042035854111
[12317] -> 5317	0.7466503228312054
[6844] -> 12317	0.6440762191987388
[12317] -> 6844	0.45617505704160394
[7234] -> 12317	0.6471254245817084
[12317] -> 7234	0.5930870430603428
[9340] -> 12317	0.6213564828682688
[12317] -> 9340	0.6545524054565756
[11521] -> 12470	0.5490561671460213
[12470] -> 11521	0.4676946991371736
[13081] -> 12470	0.5627020565622538
[12470] -> 13081	0.4666133501543175
[14149] -> 12470	0.6569998244924908
[12470] -> 14149	0.44274482416814975
[14410] -> 12470	0.5977130662469161
[12470] -> 14410	0.4448343057964811
[16879] -> 12470	0.5972589581535206
[12470] -> 16879	0.4832672508954921
[4656] -> 12470	0.5898671070942484
[12470] -> 4656	0.4344770100700624
[6972] -> 12470	0.7112814042595252
[12470] -> 6972	0.6889882628579153
[16377] -> 12582	0.4337085092544619
[12582] -> 16377	0.547639927061149
[2452] -> 12582	0.5269774331736351
[12582] -> 2452	0.549658273130942
[6037] -> 12582	0.5544857850833222
[12582] -> 6037	0.6120599657577149
[8644] -> 12582	0.6020570910096191
[12582] -> 8644	0.5911248451441378
[4996] -> 12672	0.5178699612109557
[12672] -> 4996	0.5647302993960372
[5317] -> 12672	0.44017875540902535
[12672] -> 5317	0.7363677493949601
[9340] -> 12672	0.5005587686352221
[12672] -> 9340	0.6240349881864601
[1145] -> 12911	0.5192502532928064
[12911] -> 1145	0.49285187016206033
[6386] -> 12911	0.4918121312759035
[12911] -> 6386	0.493427513019687
[10042] -> 12918	0.6348086488681352
[12918] -> 10042	0.5540240238023167
[11521] -> 12918	0.5640583159773876
[12918] -> 11521	0.6298385370139316
[14410] -> 12918	0.6274840701669416
[12918] -> 14410	0.6121639879216533
[16879] -> 12918	0.6031196926246624
[12918] -> 16879	0.6397167937747787
[2452] -> 12918	0.5803117451590087
[12918] -> 2452	0.6420793066024851
[6037] -> 12918	0.5171846331359827
[12918] -> 6037	0.6055858662670083
[7624] -> 12918	0.5841535983167307
[12918] -> 7624	0.6559000066445674
[6206] -> 13050	0.6036730063954014
[13050] -> 6206	0.5888550229782843
[12470] -> 13462	0.46002387979003806
[13462] -> 12470	0.687056290165203
[11064] -> 13728	0.6005142098133852
[13728] -> 11064	0.6064399171270718
[11781] -> 13728	0.7357271997756958
[13728] -> 11781	0.5053190076498087
[1180] -> 13728	0.6978882238832042
[13728] -> 1180	0.5040772418189545
[14367] -> 13728	0.5009135200974422
[13728] -> 14367	0.5134070866978325
[14454] -> 13728	0.5845024330554053
[13728] -> 14454	0.5455801104972375
[14691] -> 13728	0.7019884486690394
[13728] -> 14691	0.6561703144921377
[17088] -> 13728	0.6626959197152016
[13728] -> 17088	0.546370325116872
[17169] -> 13728	0.5039576748660162
[13728] -> 17169	0.48705110497237564
[1798] -> 13728	0.6426435696834454
[13728] -> 1798	0.4838304823629409
[2152] -> 13728	0.5079614015018727
[13728] -> 2152	0.548455429239269
[2782] -> 13728	0.7323176082772251
[13728] -> 2782	0.6594174989375265
[4306] -> 13728	0.6452489226132248
[13728] -> 4306	0.648248246918827
[1905] -> 14149	0.37667125569116383
[14149] -> 1905	0.6105321220529365
[10947] -> 14240	0.5745895681755171
[14240] -> 10947	0.5710509070328558
[11283] -> 14240	0.492920422240342
[14240] -> 11283	0.6662670161746745
[12918] -> 14240	0.5586826037844503
[14240] -> 12918	0.5635295344195883
[14313] -> 14240	0.40354126832377313
[14240] -> 14313	0.6035268535343005
[14550] -> 14240	0.5643706143491337
[14240] -> 14550	0.5869649399779572
[17157] -> 14240	0.5518505812845436
[14240] -> 17157	0.539073903071103
[4432] -> 14240	0.5294558306601871
[14240] -> 4432	0.615799350630008
[5317] -> 14240	0.37029500652517344
[14240] -> 5317	0.6423550087873462
[5317] -> 14312	0.3586613091558486
[14312] -> 5317	0.7339201321175706
[12155] -> 14313	0.565304372677908
[14313] -> 12155	0.3841120936902486
[15755] -> 14313	0.6441342300711136
[14313] -> 15755	0.3657733827278522
[8904] -> 14313	0.6422280586924282
[14313] -> 8904	0.385969367431485
[5317] -> 14367	0.5169869153101175
[14367] -> 5317	0.7802433462046804
[9340] -> 14367	0.6044436507753636
[14367] -> 9340	0.6798209241454376
[5317] -> 14410	0.39372553059962906
[14410] -> 5317	0.6940715291126212
[9340] -> 14410	0.4299350215442752
[14410] -> 9340	0.5648090690317991
[12870] -> 14550	0.7459487250472113
[14550] -> 12870	0.5402119432908493
[14313] -> 14550	0.44416726418100705
[14550] -> 14313	0.6387154518115424
[8904] -> 14550	0.7055850601091991
[14550] -> 8904	0.6097808964628384
[12155] -> 14621	0.5363657015557559
[14621] -> 12155	0.5696263609690799
[5317] -> 14621	0.3855475994230373
[14621] -> 5317	0.6989563633816627
[12470] -> 14691	0.46924350627407685
[14691] -> 12470	0.5918955975647009
[14312] -> 14691	0.723616015741668
[14691] -> 14312	0.5852034980783303
[2452] -> 14691	0.6735483698770901
[14691] -> 2452	0.7171060576998217
[3106] -> 14691	0.5519784982758749
[14691] -> 3106	0.5310699544624653
[3925] -> 14691	0.7574690797419645
[14691] -> 3925	0.5747462046134283
[6037] -> 14691	0.5830795518313251
[14691] -> 6037	0.656969516137053
[7624] -> 14691	0.5710819607456356
[14691] -> 7624	0.6170158351271285
[8644] -> 14691	0.5779915362968109
[14691] -> 8644	0.5792644373876659
[1145] -> 15124	0.6840404126888994
[15124] -> 1145	0.44262590260207946
[1307] -> 15124	0.7078799079261099
[15124] -> 1307	0.39612919906184785
[14621] -> 15124	0.7065521078969281
[15124] -> 14621	0.41915363164601377
[15107] -> 15124	0.671862330501603
[15124] -> 15107	0.4973175866590334
[17627] -> 15124	0.7260114083472956
[15124] -> 17627	0.356100759016787
[3860] -> 15124	0.6500866291896743
[15124] -> 3860	0.48158322406692644
[3962] -> 15124	0.6792288213138127
[15124] -> 3962	0.4420995770928364
[6134] -> 15124	0.6126046416660995
[15124] -> 6134	0.3740096770023454
[6974] -> 15124	0.66798039559547
[15124] -> 6974	0.33412897745110715
[12155] -> 15205	0.6696198913975422
[15205] -> 12155	0.4652667810608105
[2372] -> 15205	0.6541007508930524
[15205] -> 2372	0.45684506382480383
[6206] -> 15205	0.5703946498535112
[15205] -> 6206	0.4173383503821341
[1905] -> 1542	0.4070258480671957
[1542] -> 1905	0.6864439941911529
[7617] -> 1542	0.547150068579347
[1542] -> 7617	0.6729740775846326
[10359] -> 15582	0.7526491210053122
[15582] -> 10359	0.45665263766080016
[11283] -> 15582	0.5388192255988716
[15582] -> 11283	0.5539852383892511
[12918] -> 15582	0.5440424071052573
[15582] -> 12918	0.4174148488435983
[13050] -> 15582	0.721158349908019
[15582] -> 13050	0.6017707135533792
[13728] -> 15582	0.5157710900977476
[15582] -> 13728	0.4399651068602405
[14313] -> 15582	0.5334956580624602
[15582] -> 14313	0.6069083885147192
[14538] -> 15582	0.7313566994309364
[15582] -> 14538	0.6406346473017294
[14550] -> 15582	0.5368036660461121
[15582] -> 14550	0.4246653713910241
[3427] -> 15582	0.5579320423821703
[15582] -> 3427	0.4324993344246881
[4432] -> 15582	0.5384837018113366
[15582] -> 4432	0.4763933181903149
[4996] -> 15582	0.5540445316667435
[15582] -> 4996	0.47655192337103985
[5317] -> 15582	0.568282505666598
[15582] -> 5317	0.7498513076430704
[7234] -> 15582	0.5599976163833915
[15582] -> 7234	0.47908394179189867
[8782] -> 15582	0.504831885691778
[15582] -> 8782	0.4210797614124924
[9340] -> 15582	0.5445113942717574
[15582] -> 9340	0.5354340967151734
[2452] -> 15755	0.48806266931792397
[15755] -> 2452	0.6413721140271652
[7624] -> 15755	0.5096031824308774
[15755] -> 7624	0.6795945389019932
[1905] -> 16139	0.37736218746938505
[16139] -> 1905	0.6885825845603801
[13462] -> 16242	0.6790989536018303
[16242] -> 13462	0.45338859312172874
[13651] -> 16242	0.7142423322198603
[16242] -> 13651	0.5415459262753555
[16765] -> 16242	0.7318266017190854
[16242] -> 16765	0.4193285711076667
[16954] -> 16242	0.647166019955654
[16242] -> 16954	0.5245131073522474
[1798] -> 16242	0.7023205764837664
[16242] -> 1798	0.4471718669272412
[2152] -> 16242	0.6152204530218884
[16242] -> 2152	0.5617685378619404
[2782] -> 16242	0.6050545349960547
[16242] -> 2782	0.460756564907788
[4306] -> 16242	0.5673664172593396
[16242] -> 4306	0.48205180043578855
[10042] -> 16377	0.6622762494501404
[16377] -> 10042	0.43152028926394237
[11521] -> 16377	0.5815531091936923
[16377] -> 11521	0.4848092335166956
[13081] -> 16377	0.5438479719633785
[16377] -> 13081	0.441359011387563
[14149] -> 16377	0.6595321471254377
[16377] -> 14149	0.43497073186864066
[14410] -> 16377	0.618872122413767
[16377] -> 14410	0.4507567823795928
[16879] -> 16377	0.6504510398975415
[16377] -> 16879	0.5150805287004068
[4432] -> 16377	0.5524929089593618
[16377] -> 4432	0.47562091431217135
[4996] -> 16377	0.597193227393363
[16377] -> 4996	0.4998291314365086
[5317] -> 16377	0.539842193831994
[16377] -> 5317	0.6931365956367886
[6844] -> 16377	0.6179529798827924
[16377] -> 6844	0.39754500457486797
[7234] -> 16377	0.6276261164926406
[16377] -> 7234	0.5224774839328432
[9340] -> 16377	0.5880607848107099
[16377] -> 9340	0.5626812033556381
[13651] -> 16384	0.5859806092746624
[16384] -> 13651	0.5724964361436541
[16954] -> 16384	0.6497921286031042
[16384] -> 16954	0.6786016657862555
[2862] -> 16384	0.587577659094094
[16384] -> 2862	0.5461347535692834
[16879] -> 16668	0.513753932678119
[16668] -> 16879	0.6160484759456482
[571] -> 16668	0.47104603699493647
[16668] -> 571	0.6087286749240477
[5317] -> 16765	0.33362095610962295
[16765] -> 5317	0.7616802736423245
[6206] -> 16882	0.5230311001621467
[16882] -> 6206	0.6406566991151951
[15107] -> 16954	0.5466549405586119
[16954] -> 15107	0.6072824279379158
[6206] -> 16954	0.5124115325998455
[16954] -> 6206	0.5101995565410199
[15205] -> 17088	0.373498576862172
[17088] -> 15205	0.5908117076628168
[14621] -> 17157	0.5738678371584444
[17157] -> 14621	0.5621345530779492
[15107] -> 17157	0.534829035839477
[17157] -> 15107	0.653684009910425
[1905] -> 17157	0.4795839971950232
[17157] -> 1905	0.7090604154755098
[16954] -> 17169	0.5070606984478935
[17169] -> 16954	0.5028102239934038
[3860] -> 17169	0.4791092774253057
[17169] -> 3860	0.5282053043836746
[11521] -> 17355	0.48381764686435913
[17355] -> 11521	0.5344400704065907
[13081] -> 17355	0.5045573093536906
[17355] -> 13081	0.542576267720331
[4432] -> 17355	0.5055415762278864
[17355] -> 4432	0.5766694176849085
[5317] -> 17355	0.3664528813792156
[17355] -> 5317	0.6234562040330414
[7624] -> 17560	0.4736561791103659
[17560] -> 7624	0.6924474435504802
[14367] -> 1798	0.48719128203799206
[1798] -> 14367	0.6632473958563024
[7624] -> 1798	0.4930598020843607
[1798] -> 7624	0.6613951683322014
[1905] -> 1865	0.39203159723833536
[1865] -> 1905	0.6901932660971868
[11677] -> 1905	0.6214734330760718
[1905] -> 11677	0.4459242759395899
[4996] -> 1905	0.5935777460206655
[1905] -> 4996	0.4647444325851676
[5317] -> 1905	0.5317458273233052
[1905] -> 5317	0.6386839296487076
[6859] -> 1905	0.7147192118226601
[1905] -> 6859	0.3740519023826834
[9340] -> 1905	0.5557040484803797
[1905] -> 9340	0.4974090058316704
[9592] -> 1905	0.7809280296900455
[1905] -> 9592	0.37323206542195825
[11521] -> 1962	0.5226751297563555
[1962] -> 11521	0.5432417759880154
[13081] -> 1962	0.5060243418729116
[1962] -> 13081	0.5119949972168584
[14410] -> 1962	0.555258736813428
[1962] -> 14410	0.5042159443096779
[16879] -> 1962	0.5023526463791519
[1962] -> 16879	0.4959627265168123
[3860] -> 1962	0.6115148266792975
[1962] -> 3860	0.6742762113538439
[3962] -> 1962	0.5554586144035636
[1962] -> 3962	0.538129041568455
[6134] -> 1962	0.5527273002261092
[1962] -> 6134	0.5022780530377476
[11149] -> 2152	0.6302848790098349
[2152] -> 11149	0.4879487321414294
[11677] -> 2152	0.5808792882910073
[2152] -> 11677	0.497143243725284
[571] -> 2152	0.5234576831662705
[2152] -> 571	0.49845938116939426
[7617] -> 2152	0.6193351338357772
[2152] -> 7617	0.53875532758907
[11781] -> 2452	0.7268807224139764
[2452] -> 11781	0.5016614842592716
[14454] -> 2452	0.6292080475797501
[2452] -> 14454	0.5901538707912402
[7624] -> 2452	0.5623631521846335
[2452] -> 7624	0.5706898162358373
[4656] -> 2782	0.5582419599027388
[2782] -> 4656	0.5384031091216142
[12470] -> 2862	0.428293045574354
[2862] -> 12470	0.5920464631051181
[14312] -> 2862	0.6453029744022207
[2862] -> 14312	0.5719134889369851
[2152] -> 2862	0.4455002244813865
[2862] -> 2152	0.5639490525201252
[2782] -> 2862	0.6214187211008768
[2862] -> 2782	0.6560344424894508
[4306] -> 2862	0.6428099304655898
[2862] -> 4306	0.7571430795820812
[11283] -> 3106	0.5005674681005796
[3106] -> 11283	0.6708729906742178
[12918] -> 3106	0.5810009671536889
[3106] -> 12918	0.5810781874164704
[14313] -> 3106	0.4612462157425112
[3106] -> 14313	0.6839866795637631
[14538] -> 3106	0.472290481117434
[3106] -> 14538	0.5392783040810449
[14550] -> 3106	0.5345123872261206
[3106] -> 14550	0.5512031957232834
[4996] -> 3106	0.4831376319584845
[3106] -> 4996	0.5417002015786637
[5317] -> 3106	0.45243921285802596
[3106] -> 5317	0.7782043992881984
[7234] -> 3106	0.48435751600664767
[3106] -> 7234	0.540149596473481
[9340] -> 3106	0.4622744763704233
[3106] -> 9340	0.5925452813609883
[11677] -> 3427	0.5365699420802253
[3427] -> 11677	0.5456192911947387
[15124] -> 3427	0.537475299636189
[3427] -> 15124	0.8506759225429303
[15205] -> 3427	0.4585202421625585
[3427] -> 15205	0.6580343441724517
[2152] -> 3427	0.508336562175194
[3427] -> 2152	0.6039751552795032
[4306] -> 3427	0.507706950797134
[3427] -> 4306	0.561286079649251
[15124] -> 3624	0.42020628266449983
[3624] -> 15124	0.6527741916975071
[15205] -> 3624	0.45977789884774206
[3624] -> 15205	0.6476389247496916
[1905] -> 3624	0.5433972187417823
[3624] -> 1905	0.7558524830019796
[15124] -> 3825	0.35179781713420377
[3825] -> 15124	0.7282475724443765
[10168] -> 3860	0.665955014024619
[3860] -> 10168	0.4646253754970272
[12232] -> 3860	0.5519074052202669
[3860] -> 12232	0.5242250115297842
[16954] -> 3860	0.5599293237250554
[3860] -> 16954	0.5036272077978735
[2152] -> 3860	0.5627594605066515
[3860] -> 2152	0.5702755930048488
[2782] -> 3860	0.5986239039535107
[3860] -> 2782	0.5059020030662994
[4306] -> 3860	0.5944993786849272
[3860] -> 4306	0.5605531803507547
[15107] -> 3925	0.47416513853024467
[3925] -> 15107	0.7117604651380527
[12470] -> 3938	0.4535808421005204
[3938] -> 12470	0.5229746227174732
[2452] -> 3938	0.6133212336353808
[3938] -> 2452	0.5968726460427543
[5401] -> 3938	0.6357832159289873
[3938] -> 5401	0.5069677134471025
[6037] -> 3938	0.5968310414184022
[3938] -> 6037	0.6146783033325541
[7624] -> 3938	0.51740145313476
[3938] -> 7624	0.5109808046962258
[8644] -> 3938	0.60173101869245
[3938] -> 8644	0.5512350970155069
[8904] -> 3962	0.6039503881620918
[3962] -> 8904	0.5170628249597458
[1180] -> 4306	0.7032389147842716
[4306] -> 1180	0.5055918356555535
[571] -> 4306	0.6078459233233441
[4306] -> 571	0.6220685826084659
[14621] -> 4432	0.5714007766960068
[4432] -> 14621	0.47009597715500406
[15107] -> 4432	0.6371829896585707
[4432] -> 15107	0.6540852717645327
[2372] -> 4432	0.6387985711161333
[4432] -> 2372	0.5610341714527188
[6206] -> 4432	0.6021211298774505
[4432] -> 6206	0.5539847486602255
[1905] -> 4472	0.38123965535910403
[4472] -> 1905	0.7312051266836764
[1905] -> 457	0.4501111162673184
[457] -> 1905	0.7476319350473614
[16879] -> 4577	0.5106495531363977
[4577] -> 16879	0.6902183627964738
[3860] -> 4640	0.45284629862764403
[4640] -> 3860	0.5948116373876454
[4306] -> 4656	0.5544906538349682
[4656] -> 4306	0.6414491290850423
[571] -> 4656	0.5667691433295443
[4656] -> 571	0.6709944793626034
[11337] -> 5317	0.7289816472119692
[5317] -> 11337	0.36541400508276667
[1428] -> 5317	0.7004328166511252
[5317] -> 1428	0.3418031801634728
[14538] -> 5317	0.7343960165545783
[5317] -> 14538	0.48752919156535474
[14712] -> 5317	0.7814405892675864
[5317] -> 14712	0.4262827117247064
[571] -> 5317	0.6510217526092797
[5317] -> 571	0.43271773473452846
[12155] -> 5401	0.5595591414396788
[5401] -> 12155	0.6218331365283603
[14367] -> 5496	0.4956462020887864
[5496] -> 14367	0.4912981491709159
[14454] -> 5496	0.5640846874021798
[5496] -> 14454	0.509202769179393
[6972] -> 5496	0.5018983551464903
[5496] -> 6972	0.5543624850687799
[16265] -> 5582	0.8561349549211119
[5582] -> 16265	0.7886774088893694
[1905] -> 5582	0.38508102979772196
[5582] -> 1905	0.8076457229371687
[15107] -> 5862	0.5074972244052743
[5862] -> 15107	0.6390691025620886
[2452] -> 5862	0.523174035471688
[5862] -> 2452	0.6158280840101164
[6037] -> 5862	0.4928846602480438
[5862] -> 6037	0.6139901663551108
[5317] -> 5926	0.33490023353252285
[5926] -> 5317	0.6411904429230125
[8782] -> 5926	0.5116705489266626
[5926] -> 8782	0.6192538773229007
[10583] -> 6037	0.665351730998465
[6037] -> 10583	0.489189853784024
[12155] -> 6037	0.6794981716387832
[6037] -> 12155	0.5846432241915246
[571] -> 6037	0.571483930970342
[6037] -> 571	0.5579031658060163
[8904] -> 6037	0.6496598921265648
[6037] -> 8904	0.49439789156436587
[11314] -> 6134	0.6735297962537584
[6134] -> 11314	0.5454676074018617
[4432] -> 6134	0.522009437646863
[6134] -> 4432	0.6165369752792335
[5317] -> 6134	0.33686207843945326
[6134] -> 5317	0.5934042665819702
[11089] -> 6287	0.6292775811367982
[6287] -> 11089	0.42400993300395773
[11149] -> 6287	0.759108025230779
[6287] -> 11149	0.4943480172792882
[11677] -> 6287	0.5812457781801981
[6287] -> 11677	0.41845365891512976
[15124] -> 6287	0.5996140279598884
[6287] -> 15124	0.6718952895832795
[15205] -> 6287	0.5247432496423061
[6287] -> 15205	0.5331643343076645
[2372] -> 6287	0.5619377414886637
[6287] -> 2372	0.39877389482397374
[30] -> 6287	0.6262150270662848
[6287] -> 30	0.3836208903489485
[4640] -> 6287	0.7090080060249839
[6287] -> 4640	0.4480767738430896
[6206] -> 6287	0.6492689478555572
[6287] -> 6206	0.4826715641894514
[6971] -> 6287	0.6714531289427202
[6287] -> 6971	0.44052355208360283
[9617] -> 6287	0.7311640422563286
[6287] -> 9617	0.37954939341421146
[14367] -> 6386	0.504489854095939
[6386] -> 14367	0.5256098713431345
[4996] -> 6386	0.5165199180754312
[6386] -> 4996	0.5294236766433112
[5317] -> 6386	0.5115950614740024
[6386] -> 5317	0.8044294142265063
[7234] -> 6386	0.5082996206076899
[6386] -> 7234	0.5181982638748261
[9340] -> 6386	0.4712550980437337
[6386] -> 9340	0.5522120070741026
[14367] -> 6692	0.5283256018866458
[6692] -> 14367	0.6498776687732608
[2152] -> 6692	0.4768292157911893
[6692] -> 2152	0.6178802827564772
[15755] -> 6971	0.7003761738993187
[6971] -> 15755	0.6298337749179914
[16668] -> 6972	0.6208476613360931
[6972] -> 16668	0.43249356070957196
[2452] -> 6972	0.560247154124351
[6972] -> 2452	0.4881767069207109
[571] -> 6972	0.5204285935723881
[6972] -> 571	0.4685070730445198
[7624] -> 6972	0.6211329190912976
[6972] -> 7624	0.5492438557831514
[11677] -> 7234	0.6060521134250276
[7234] -> 11677	0.5584085386443843
[15205] -> 7234	0.48801152767099293
[7234] -> 15205	0.6345981950725348
[6037] -> 7234	0.45558350830070427
[7234] -> 6037	0.4784183379571082
[7624] -> 7234	0.5193871847979747
[7234] -> 7624	0.5230118320079984
[11149] -> 7617	0.6020750250242297
[7617] -> 11149	0.5358238712687886
[14367] -> 7624	0.5632142949698085
[7624] -> 14367	0.5715948318374593
[14454] -> 7624	0.515366665718107
[7624] -> 14454	0.47632573889601204
[2152] -> 7624	0.5463876947299151
[7624] -> 2152	0.5841535983167307
[4306] -> 7624	0.5886365439018587
[7624] -> 4306	0.5855672814544498
[607] -> 7624	0.7402242438751895
[7624] -> 607	0.48792451589571617
[16377] -> 8387	0.4107625147443035
[8387] -> 16377	0.6268758411843877
[2782] -> 8387	0.5343692155662569
[8387] -> 2782	0.6095306191117094
[4306] -> 8387	0.528507786267615
[8387] -> 4306	0.6726026244952894
[10583] -> 8644	0.6532000102908008
[8644] -> 10583	0.5399261375316325
[10730] -> 8644	0.7240716644980483
[8644] -> 10730	0.5127983384488882
[12155] -> 8644	0.5989110441811214
[8644] -> 12155	0.5793312682086579
[2372] -> 8644	0.5928555806663265
[8644] -> 2372	0.5764533255832087
[30] -> 8644	0.6389247802183882
[8644] -> 30	0.5362968108709675
[6206] -> 8644	0.6664718122159823
[8644] -> 6206	0.6788683872888505
[11521] -> 8782	0.5087242553472842
[8782] -> 11521	0.5225227672477606
[16879] -> 8782	0.5032227079099033
[8782] -> 16879	0.4909779899627167
[6206] -> 8782	0.5174777483176406
[8782] -> 6206	0.5049880815749977
[6971] -> 8782	0.5751955589200101
[8782] -> 6971	0.49537184806894347
[5317] -> 9617	0.34166580809121505
[9617] -> 5317	0.7931931433127367
[14313] -> 9756	0.42871653919694075
[9756] -> 14313	0.6505084694540564
[15107] -> 9960	0.46462831979841074
[9960] -> 15107	0.6863850803479287
[2452] -> 9960	0.4865813460024288
[9960] -> 2452	0.6719187675070027
[7624] -> 9960	0.49109379623237
[9960] -> 7624	0.6881910659000442
