[11521] -> 10042	0.5591126979404277
[10042] -> 11521	0.7153503874395154
[14410] -> 10042	0.5809205248898911
[10042] -> 14410	0.6493756978986904
[2452] -> 10042	0.5675003002682396
[10042] -> 2452	0.7194616451798463
[6037] -> 10042	0.5024432380628117
[10042] -> 6037	0.6741109193652082
[7624] -> 10042	0.4991682282933886
[10042] -> 7624	0.6422021452982777
[6287] -> 10359	0.4484182208541349
[10359] -> 6287	0.809225943180439
[15107] -> 10583	0.4943053528435813
[10583] -> 15107	0.679621641554254
[15107] -> 10730	0.4510933972031985
[10730] -> 15107	0.7238714843359023
[4306] -> 10947	0.5068212463315972
[10947] -> 4306	0.5745521029245374
[15755] -> 11064	0.659505625071245
[11064] -> 15755	0.494562001078394
[1905] -> 11064	0.5240665975734888
[11064] -> 1905	0.6683280947934612
[5862] -> 11064	0.6689470459793588
[11064] -> 5862	0.5600349820486855
[11443] -> 11089	0.6575742072147275
[11089] -> 11443	0.562494721405373
[16954] -> 11089	0.527369733924612
[11089] -> 16954	0.5843692175395223
[2452] -> 11089	0.5902272696942602
[11089] -> 2452	0.6791535821502884
[7624] -> 11089	0.49209981260479335
[11089] -> 7624	0.5746258916026198
[1905] -> 11182	0.43007409469890323
[11182] -> 1905	0.7879105619633293
[12470] -> 11283	0.5707495100137422
[11283] -> 12470	0.5583224981818984
[14312] -> 11283	0.7627242221402344
[11283] -> 14312	0.47836458999052384
[4432] -> 11283	0.5964861732710987
[11283] -> 4432	0.5132611234766512
[4996] -> 11283	0.5697313743439119
[11283] -> 4996	0.4766291292945765
[5317] -> 11283	0.5326773816883028
[11283] -> 5317	0.6836282698283271
[7234] -> 11283	0.5592163198283796
[11283] -> 7234	0.46531833307622805
[9340] -> 11283	0.5503871056936797
[11283] -> 9340	0.526395530775503
[9592] -> 11283	0.77885663117239
[11283] -> 9592	0.39774004451594425
[1905] -> 1145	0.42866645010596005
[1145] -> 1905	0.593176077743054
[7617] -> 1145	0.591571103349783
[1145] -> 7617	0.5970075773791687
[14538] -> 11521	0.4863812726332126
[11521] -> 14538	0.49729908426724845
[1905] -> 11781	0.4357304541071769
[11781] -> 1905	0.8170277769720876
[571] -> 1180	0.4950720781233854
[1180] -> 571	0.704719088727694
[1905] -> 12155	0.5383028859292259
[12155] -> 1905	0.7650464235202733
[11521] -> 12161	0.4979338159939171
[12161] -> 11521	0.6185067468236956
[6206] -> 12161	0.5228571229740356
[12161] -> 6206	0.6170530793932376
[11521] -> 1220	0.47952659592052627
[1220] -> 11521	0.5402671315022982
[13081] -> 1220	0.5185688282756934
[1220] -> 13081	0.5687681110837971
[4306] -> 12232	0.509392433175581
[12232] -> 4306	0.5056690681469234
[1905] -> 12293	0.38634430058626074
[12293] -> 1905	0.7046940099880556
[14313] -> 12299	0.3776240838113448
[12299] -> 14313	0.7236545801526717
[16377] -> 12317	0.5493810148490293
[12317] -> 16377	0.6048351861740862
[16668] -> 12317	0.6177010650018361
[12317] -> 16668	0.44909947084809937
[6972] -> 12317	0.6615927577605805
[12317] -> 6972	0.6904946842079712
[16668] -> 12470	0.6424648616165326
[12470] -> 16668	0.43352519768411096
[4640] -> 12470	0.5909150444506295
[12470] -> 4640	0.40654779337223185
[6206] -> 12470	0.5254598217081776
[12470] -> 6206	0.42525738358602355
[12155] -> 12582	0.5616329940422539
[12582] -> 12155	0.5334071073620913
[1905] -> 12582	0.5112585786398957
[12582] -> 1905	0.6900934007043332
[4996] -> 12911	0.5515617694126325
[12911] -> 4996	0.5671978382917628
[5317] -> 12911	0.48059190191634044
[12911] -> 5317	0.7581622771076993
[7234] -> 12911	0.5488475875813574
[12911] -> 7234	0.5613736870263644
[9340] -> 12911	0.5233645936542317
[12911] -> 9340	0.6152877198447796
[16377] -> 12918	0.4773185761687961
[12918] -> 16377	0.6393402682928631
[1905] -> 12918	0.5004150746876628
[12918] -> 1905	0.7165132263804089
[15107] -> 13050	0.5224791986327857
[13050] -> 15107	0.5686327751114972
[2452] -> 13050	0.494334939212363
[13050] -> 2452	0.5029019842104905
[6037] -> 13050	0.5121594441396965
[13050] -> 6037	0.5514041530618479
[7624] -> 13050	0.5010947825229313
[13050] -> 7624	0.5173270519234555
[8644] -> 13050	0.5664017919800387
[13050] -> 8644	0.5424096990761168
[11677] -> 1307	0.537295735782348
[1307] -> 11677	0.6168703127707145
[2152] -> 13651	0.4957287034816141
[13651] -> 2152	0.5970091768940768
[4306] -> 13651	0.48202813103138303
[13651] -> 4306	0.5401479857495204
[14621] -> 13728	0.6372876343458398
[13728] -> 14621	0.5437672651933702
[15107] -> 13728	0.6185958609333484
[13728] -> 15107	0.6585808011049724
[2862] -> 13728	0.6924466312691715
[13728] -> 2862	0.5906157033574161
[3624] -> 13728	0.6100352870298649
[13728] -> 3624	0.5648108797280067
[5496] -> 13728	0.5113477272435363
[13728] -> 5496	0.5287399065023375
[8904] -> 13728	0.6854188587951646
[13728] -> 8904	0.5493518912027199
[12470] -> 14240	0.41423550879722454
[14240] -> 12470	0.5477197581245719
[1962] -> 14240	0.5089713370762581
[14240] -> 1962	0.5515549134669804
[6972] -> 14240	0.43709845282601995
[14240] -> 6972	0.559835870245152
[11149] -> 14313	0.6250734838494415
[14313] -> 11149	0.3917851736775016
[11677] -> 14313	0.7200592132683712
[14313] -> 11677	0.4989344327597196
[1307] -> 14313	0.6846634270297919
[14313] -> 1307	0.4132110420650096
[15205] -> 14313	0.6056558908740969
[14313] -> 15205	0.5922811105799873
[3962] -> 14313	0.5786464650763589
[14313] -> 3962	0.40619522785213513
[11677] -> 14367	0.633567599419365
[14367] -> 11677	0.5712156944048513
[14454] -> 14410	0.5593893173216471
[14410] -> 14454	0.595041697567768
[1905] -> 14454	0.5401384957280823
[14454] -> 1905	0.7452477163427336
[3860] -> 14550	0.5140974983484363
[14550] -> 3860	0.5906415580695976
[3962] -> 14550	0.5820866937629008
[14550] -> 3962	0.5875841328941717
[6974] -> 14550	0.6878616984945959
[14550] -> 6974	0.5336173564370615
[5317] -> 14574	0.3748969709458067
[14574] -> 5317	0.790760426664735
[15205] -> 14621	0.3885242646272601
[14621] -> 15205	0.5938455791366066
[12232] -> 14691	0.4838851488786531
[14691] -> 12232	0.5239089817636737
[16954] -> 14691	0.590839800443459
[14691] -> 16954	0.6057699821686097
[17560] -> 14691	0.6989647316665224
[14691] -> 17560	0.5165704055753287
[1905] -> 14691	0.5517090249096375
[14691] -> 1905	0.7601358311488104
[5862] -> 14691	0.5934510438429759
[14691] -> 5862	0.5367674744073372
[10042] -> 15124	0.7630866578689135
[15124] -> 10042	0.4164712183050472
[11521] -> 15124	0.7011405335713577
[15124] -> 11521	0.4895935289663706
[13081] -> 15124	0.6310073623298649
[15124] -> 13081	0.42894143936176105
[14149] -> 15124	0.754439922108096
[15124] -> 14149	0.41677131618312435
[14410] -> 15124	0.7400826383738704
[15124] -> 14410	0.45151341668359524
[16879] -> 15124	0.7019238800567975
[15124] -> 16879	0.46558569872019795
[17308] -> 15124	0.7005336933573753
[15124] -> 17308	0.356945649965835
[4432] -> 15124	0.6504100958491001
[15124] -> 4432	0.46899758074941367
[4996] -> 15124	0.7526194129617312
[15124] -> 4996	0.5276320892352583
[5317] -> 15124	0.6621548526684524
[15124] -> 5317	0.7121322646770947
[6844] -> 15124	0.7303454539223414
[15124] -> 6844	0.3935575910912482
[7234] -> 15124	0.6918645840920076
[15124] -> 7234	0.4824327319064064
[9340] -> 15124	0.7190257840042398
[15124] -> 9340	0.5762802637167814
[11149] -> 15205	0.579775655793705
[15205] -> 11149	0.37159936251572073
[11677] -> 15205	0.6779559924689921
[15205] -> 11677	0.4803688447379542
[2452] -> 15205	0.5990685011944002
[15205] -> 2452	0.4571352922906154
[5401] -> 15205	0.6457754794576327
[15205] -> 5401	0.4037638049461041
[7624] -> 15205	0.5856527599697537
[15205] -> 7624	0.45351507405917607
[571] -> 15394	0.47393949571148086
[15394] -> 571	0.7950787700175527
[12470] -> 15582	0.5535943589628061
[15582] -> 12470	0.5567834869348982
[1542] -> 15582	0.6634260024174543
[15582] -> 1542	0.43215380170953727
[1962] -> 15582	0.5871810553948282
[15582] -> 1962	0.48400636686511195
[30] -> 15582	0.6157938739834309
[15582] -> 30	0.4130418774321821
[4656] -> 15582	0.6150617057393218
[15582] -> 4656	0.4556443618690488
[6972] -> 15582	0.5244634893686297
[15582] -> 6972	0.5109522541761311
[15107] -> 15755	0.4824233125007797
[15755] -> 15107	0.6782090965688381
[1905] -> 15755	0.4361377944838894
[15755] -> 1905	0.741693922467841
[11064] -> 16242	0.5301424269125053
[16242] -> 11064	0.4527652357526338
[12672] -> 16242	0.6285090522596537
[16242] -> 12672	0.4914863984545229
[14367] -> 16242	0.7601459040609532
[16242] -> 14367	0.6588887391333648
[14454] -> 16242	0.5196636407615036
[16242] -> 14454	0.4102140755217108
[14691] -> 16242	0.569233392297692
[16242] -> 14691	0.44997978300424557
[17169] -> 16242	0.5872887178782465
[16242] -> 17169	0.4800076375317294
[2862] -> 16242	0.5728633044236489
[16242] -> 2862	0.4132241615562594
[3624] -> 16242	0.5377757695728262
[16242] -> 3624	0.4210807107397174
[5496] -> 16242	0.5601680003082574
[16242] -> 5496	0.48984657546555244
[9756] -> 16242	0.6021245410175433
[16242] -> 9756	0.4475593593458678
[16668] -> 16377	0.7084849597703068
[16377] -> 16668	0.4678767100636072
[4656] -> 16377	0.6695034484867948
[16377] -> 4656	0.4826155016370311
[6972] -> 16377	0.604525818211418
[16377] -> 6972	0.573087650061182
[11064] -> 16384	0.5049316797958942
[16384] -> 11064	0.5556649034321565
[14367] -> 16384	0.5147977298053749
[16384] -> 14367	0.5749784721367941
[3860] -> 16384	0.46733020055592256
[16384] -> 3860	0.5426106966344171
[6386] -> 16384	0.4915826279481052
[16384] -> 6386	0.5269876187650604
[4306] -> 16668	0.5061801020543055
[16668] -> 4306	0.6391763763229058
[15107] -> 16879	0.5362947993463318
[16879] -> 15107	0.5984770442965726
[15205] -> 16882	0.37987851138255674
[16882] -> 15205	0.635959902483932
[2452] -> 16882	0.4826311504944416
[16882] -> 2452	0.6165504543362258
[6037] -> 16882	0.4907535261442235
[16882] -> 6037	0.6634672758579538
[11521] -> 16954	0.5907104367086515
[16954] -> 11521	0.6190548780487805
[13081] -> 16954	0.4966516341112228
[16954] -> 13081	0.5066865299334812
[14410] -> 16954	0.6057423075176703
[16954] -> 14410	0.5546286031042128
[16879] -> 16954	0.506605507141465
[16954] -> 16879	0.5043167960088691
[2452] -> 16954	0.5923424926267465
[16954] -> 2452	0.6151053215077604
[7624] -> 16954	0.5509024558634974
[16954] -> 7624	0.5805432372505543
[11337] -> 17088	0.6476316082454804
[17088] -> 11337	0.6090787544902463
[14313] -> 17088	0.3956490997450606
[17088] -> 14313	0.6399829249826834
[14550] -> 17088	0.5379063439782329
[17088] -> 14550	0.605067736271525
[2152] -> 17088	0.47396323425401454
[17088] -> 2152	0.6207010422203966
[2782] -> 17088	0.5461242911187971
[17088] -> 2782	0.5964577393321413
[4306] -> 17088	0.5478610898130768
[17088] -> 4306	0.6675929058135602
[10042] -> 17157	0.6324146448753087
[17157] -> 10042	0.5699180484086144
[11521] -> 17157	0.5327977784389566
[17157] -> 11521	0.61431675242996
[14410] -> 17157	0.5648771775816924
[17157] -> 14410	0.5690413569658853
[16879] -> 17157	0.5520575215079211
[17157] -> 16879	0.6046350295406899
[3938] -> 17157	0.478661783422946
[17157] -> 3938	0.561936344577854
[6287] -> 17157	0.4237512610258931
[17157] -> 6287	0.6244253859348199
[14367] -> 17169	0.4689467955529064
[17169] -> 14367	0.49732719527277724
[4432] -> 17169	0.4873257652881555
[17169] -> 4432	0.5229627593788649
[4996] -> 17169	0.5119758704485435
[17169] -> 4996	0.534162429572626
[5317] -> 17169	0.4178815509306958
[17169] -> 5317	0.6688401813934314
[9340] -> 17169	0.47503398695822485
[17169] -> 9340	0.5666071183179883
[12582] -> 17355	0.5401442073467797
[17355] -> 12582	0.5668241807199877
[16377] -> 17355	0.41530431139968915
[17355] -> 16377	0.5503034640919083
[1962] -> 17355	0.5414825555425752
[17355] -> 1962	0.5754935399761902
[1905] -> 17560	0.4114034680650301
[17560] -> 1905	0.7669636935144333
[15107] -> 17627	0.45049461721741957
[17627] -> 15107	0.6798509008076207
[1905] -> 17627	0.4260574092120799
[17627] -> 1905	0.7777819612568008
[1905] -> 1798	0.4094131720471689
[1798] -> 1905	0.7003360469936583
[12232] -> 1865	0.4835898849126675
[1865] -> 12232	0.6690510988661844
[11337] -> 1905	0.7178997490729402
[1905] -> 11337	0.4322293893503694
[1428] -> 1905	0.6846068582085614
[1905] -> 1428	0.4012663645129189
[14538] -> 1905	0.6215468184169685
[1905] -> 14538	0.4955940208620147
[14712] -> 1905	0.6144342228482841
[1905] -> 14712	0.40258635358175937
[2913] -> 1905	0.6933722997310202
[1905] -> 2913	0.3841271314471927
[4656] -> 1905	0.6762398495205763
[1905] -> 4656	0.4560149736259997
[571] -> 1905	0.6707592745685647
[1905] -> 571	0.5354979091579398
[12582] -> 1962	0.5419676786236272
[1962] -> 12582	0.5351259972924498
[16377] -> 1962	0.44816619448149664
[1962] -> 16377	0.5587517781183213
[30] -> 1962	0.6282418315556569
[1962] -> 30	0.5112184663171133
[4432] -> 1962	0.5444574633602889
[1962] -> 4432	0.5843566819453131
[5317] -> 1962	0.4279311765917989
[1962] -> 5317	0.6850239487627046
[9340] -> 1962	0.42346021797737277
[1962] -> 9340	0.5051642740810479
[14538] -> 2152	0.5781039834454217
[2152] -> 14538	0.5498133421895853
[14712] -> 2152	0.5923052103908778
[2152] -> 14712	0.4628990694785267
[15107] -> 2452	0.6544665244564201
[2452] -> 15107	0.7001454632805305
[17627] -> 2452	0.7250512999115195
[2452] -> 17627	0.5139791547115423
[1905] -> 2452	0.6183323794349828
[2452] -> 1905	0.8001814954692859
[191] -> 2452	0.7632799837925446
[2452] -> 191	0.5027891583147611
[12155] -> 2782	0.5294479741464594
[2782] -> 12155	0.5328058052669228
[6206] -> 2782	0.5371093342240965
[2782] -> 6206	0.569177218457091
[12232] -> 2862	0.475532459351994
[2862] -> 12232	0.5642371113152608
[16954] -> 2862	0.5459118625277162
[2862] -> 16954	0.6133783846908428
[571] -> 2862	0.5830513072233131
[2862] -> 571	0.7028245332668982
[8904] -> 2862	0.6576634050556351
[2862] -> 8904	0.617987325413014
[12470] -> 3106	0.5000394241816666
[3106] -> 12470	0.6555736869697484
[4656] -> 3106	0.5990120964658745
[3106] -> 4656	0.5784495425714941
[6972] -> 3106	0.4817054380752481
[3106] -> 6972	0.6117432493299171
[11283] -> 3427	0.46897657403530424
[3427] -> 11283	0.6220168067226891
[12918] -> 3427	0.6176937445090034
[3427] -> 12918	0.6113701132626964
[14313] -> 3427	0.46149020076481834
[3427] -> 14313	0.6772524662038729
[14712] -> 3427	0.6165432467951493
[3427] -> 14712	0.5724954329557911
[5496] -> 3427	0.5347174948944861
[3427] -> 5496	0.608425283156741
[11283] -> 3624	0.46786367543028407
[3624] -> 11283	0.6090670453567433
[1220] -> 3624	0.5962038423432484
[3624] -> 1220	0.5740238689502827
[14313] -> 3624	0.42541029318036966
[3624] -> 14313	0.6127607080356887
[14550] -> 3624	0.5286123442646427
[3624] -> 14550	0.5294919241472301
[3938] -> 3624	0.5337086677576041
[3624] -> 3938	0.5894727027569786
[6287] -> 3624	0.4017279288134717
[3624] -> 6287	0.5569326103795508
[14313] -> 3825	0.3736257170172084
[3825] -> 14313	0.7171419833320591
[14454] -> 3860	0.6062007341851399
[3860] -> 14454	0.5310556296508657
[30] -> 3860	0.6399128474069571
[3860] -> 30	0.47224749772520475
[8904] -> 3860	0.6047126274886699
[3860] -> 8904	0.4548780335797175
[11521] -> 3925	0.5370888293827895
[3925] -> 11521	0.7605494021927401
[14410] -> 3925	0.5605863389384147
[3925] -> 14410	0.6935594109000346
[11443] -> 3938	0.6532030050892641
[3938] -> 11443	0.4725707161224967
[12232] -> 3938	0.4898954109418264
[3938] -> 12232	0.4848372685004805
[16954] -> 3938	0.5550512749445675
[3938] -> 16954	0.5201758487233434
[1905] -> 3938	0.5851006233854625
[3938] -> 1905	0.7368697888256838
[571] -> 3938	0.5062583961971686
[3938] -> 571	0.5090067274474661
[7624] -> 4123	0.4885754676661077
[4123] -> 7624	0.61021277993578
[8904] -> 4306	0.7068029859897097
[4306] -> 8904	0.5638698675409143
[11521] -> 4432	0.6072994148566895
[4432] -> 11521	0.5880985766696759
[13081] -> 4432	0.5607460132032926
[4432] -> 13081	0.5286234737455421
[14410] -> 4432	0.6298603017965521
[4432] -> 14410	0.5329069104832151
[16879] -> 4432	0.5295472895843194
[4432] -> 16879	0.4871144746867457
[2452] -> 4432	0.6085703228217206
[4432] -> 2452	0.5839560003329427
[5401] -> 4432	0.6057005578403029
[4432] -> 5401	0.4762170018503934
[6037] -> 4432	0.6399770493250357
[4432] -> 6037	0.649885070718324
[7624] -> 4432	0.560305092546931
[4432] -> 7624	0.5456035548043001
[5317] -> 4577	0.3437650250704032
[4577] -> 5317	0.753384576304673
[16954] -> 4640	0.5238774944567627
[4640] -> 16954	0.618919759655528
[5317] -> 4640	0.37012758431210935
[4640] -> 5317	0.7057990471356766
[14538] -> 4656	0.46745344024831864
[4656] -> 14538	0.5527289688183389
[8904] -> 4656	0.6148371541960446
[4656] -> 8904	0.5674251808352831
[11677] -> 4996	0.6313183575504103
[4996] -> 11677	0.5785626321231239
[2152] -> 4996	0.5552070456404485
[4996] -> 2152	0.5945128978511265
[4306] -> 4996	0.5074029029955318
[4996] -> 4306	0.5055483480081924
[3860] -> 5085	0.45085818988619797
[5085] -> 3860	0.6397191468289061
[16082] -> 5317	0.6955780056483254
[5317] -> 16082	0.3150800192320901
[5317] -> 5401	0.32704426815028503
[5401] -> 5317	0.6204079970682845
[15107] -> 5496	0.5436298541721244
[5496] -> 15107	0.5597313022592701
[2372] -> 5496	0.6413938907924474
[5496] -> 2372	0.5650102110279102
[6206] -> 5496	0.5167540032150983
[5496] -> 6206	0.4768742694940724
[11521] -> 5862	0.5047373466891467
[5862] -> 11521	0.5995931447242338
[1905] -> 5862	0.45389061621833443
[5862] -> 1905	0.6914026296360295
[15124] -> 5926	0.3900764557055532
[5926] -> 15124	0.6944168194034636
[11089] -> 6037	0.6378845696121864
[6037] -> 11089	0.5238302406668306
[11677] -> 6037	0.5638267293292516
[6037] -> 11677	0.494706842958115
[15205] -> 6037	0.49798113005799477
[6037] -> 15205	0.6166543716622216
[3962] -> 6037	0.6298172068180367
[6037] -> 3962	0.5598388408648117
[14454] -> 6134	0.5424432998491789
[6134] -> 14454	0.5766011025658476
[15124] -> 6196	0.3727354152431255
[6196] -> 15124	0.8342081878112795
[14538] -> 6206	0.5564472322814279
[6206] -> 14538	0.5988225223908641
[10947] -> 6287	0.5674337052383913
[6287] -> 10947	0.3917742310975452
[11283] -> 6287	0.6353659342838883
[6287] -> 11283	0.5966217439664762
[11337] -> 6287	0.6573860765455993
[6287] -> 11337	0.3971183941643602
[12918] -> 6287	0.6489305938028336
[6287] -> 12918	0.45472981711891153
[13050] -> 6287	0.6890430579785898
[6287] -> 13050	0.5251299826689775
[14313] -> 6287	0.6004770156150415
[6287] -> 14313	0.623890943894048
[14538] -> 6287	0.6956285566476978
[6287] -> 14538	0.556517240487338
[14550] -> 6287	0.6417012745238437
[6287] -> 14550	0.4636436534830182
[14712] -> 6287	0.5970032973172902
[6287] -> 14712	0.3924726454383197
[2452] -> 6287	0.5929763922437378
[6287] -> 2452	0.4597480534933651
[3106] -> 6287	0.726347734270588
[6287] -> 3106	0.5089112496443261
[571] -> 6287	0.6117081740208742
[6287] -> 571	0.48998680772911873
[6037] -> 6287	0.5780354474435848
[6287] -> 6037	0.47428541866059654
[7624] -> 6287	0.6664759838248348
[6287] -> 7624	0.5243850073721514
[8644] -> 6287	0.60173101869245
[6287] -> 8644	0.43916293747898294
[6972] -> 6386	0.5111546534411684
[6386] -> 6972	0.5934281047075183
[11089] -> 6971	0.5691591870580377
[6971] -> 11089	0.5845398057027505
[2152] -> 6971	0.4671734410843989
[6971] -> 2152	0.5989859323744638
[2782] -> 6971	0.5799957227454076
[6971] -> 2782	0.6201741105223316
[4306] -> 6971	0.5699045554292362
[6971] -> 4306	0.6798984355286399
[1905] -> 6972	0.5140326181673808
[6972] -> 1905	0.5796349809001634
[7617] -> 6972	0.5498649623167092
[6972] -> 7617	0.4521980801320999
[571] -> 6974	0.5001162550377183
[6974] -> 571	0.7147116103486151
[14313] -> 7234	0.5958114244741874
[7234] -> 14313	0.7922744337255266
[14538] -> 7234	0.46932229694774963
[7234] -> 14538	0.48053710827578444
[14712] -> 7234	0.584026504450198
[7234] -> 14712	0.49138256384450874
[1905] -> 7234	0.4217416637018474
[7234] -> 1905	0.5415643146109077
[14538] -> 7617	0.5388450594930161
[7617] -> 14538	0.5891248709718472
[9340] -> 7617	0.42973340399548376
[7617] -> 9340	0.527424668768824
[15107] -> 7624	0.5699574616718437
[7624] -> 15107	0.6008416346122234
[8904] -> 7624	0.6421783474319991
[7624] -> 8904	0.5096426340533253
[1905] -> 7635	0.39169644376382506
[7635] -> 1905	0.7094123250189106
[12155] -> 8387	0.5485450055327163
[8387] -> 12155	0.6296685733512786
[14240] -> 8387	0.5828691430103363
[8387] -> 14240	0.6583950201884253
[2862] -> 8387	0.5673279043333385
[8387] -> 2862	0.6129794751009421
[3624] -> 8387	0.5339960409673811
[8387] -> 3624	0.6262954239569314
[5496] -> 8387	0.4637476399039264
[8387] -> 5496	0.6074360699865411
[11064] -> 8596	0.4852444140506845
[8596] -> 11064	0.7429724940598447
[11089] -> 8644	0.5884001443455694
[8644] -> 11089	0.5432293918751284
[15205] -> 8644	0.4204697627764171
[8644] -> 15205	0.5853636060762867
[16882] -> 8644	0.6435634280648517
[8644] -> 16882	0.535176823346778
[2452] -> 8644	0.6046868535892063
[8644] -> 2452	0.6423766418804449
[6037] -> 8644	0.6211120989148871
[8644] -> 6037	0.6982838672176817
[7624] -> 8644	0.5055265147779202
[8644] -> 7624	0.5449873469763881
[16377] -> 8782	0.42007209551001506
[8782] -> 16377	0.517565245736871
[2452] -> 8782	0.5226535705230004
[8782] -> 2452	0.5319352669930933
[571] -> 8782	0.6003216389376873
[8782] -> 571	0.6312283108433898
[6037] -> 8782	0.4815354253756281
[8782] -> 6037	0.5186518257940523
[8644] -> 8782	0.5289743607919304
[8782] -> 8644	0.5067809386693469
[1307] -> 9340	0.6526933262930359
[9340] -> 1307	0.4557190257840043
[12470] -> 9756	0.45031426704814254
[9756] -> 12470	0.6040889103794255
[3860] -> 9756	0.5024430677951314
[9756] -> 3860	0.609098052252225
[16384] -> 9960	0.5414673681011338
[9960] -> 16384	0.6894718413681261
[1905] -> 9960	0.4198905852810906
[9960] -> 1905	0.7503501400560223
