[15107] -> 10168	0.4543555006673902
[10168] -> 15107	0.6507155235560003
[2452] -> 10583	0.4894572484753046
[10583] -> 2452	0.6290509308886965
[14621] -> 10947	0.6027176577712404
[10947] -> 14621	0.5802992724248259
[15107] -> 10947	0.5266956076993127
[10947] -> 15107	0.6327356376960369
[3860] -> 10947	0.5037892480087751
[10947] -> 3860	0.6057007125890735
[3962] -> 10947	0.6073244951375736
[10947] -> 3962	0.641554957776662
[11337] -> 11064	0.6586535579401716
[11064] -> 11337	0.5057207485632373
[14313] -> 11064	0.4489971717654557
[11064] -> 14313	0.5929391496468918
[14550] -> 11064	0.6388085350136046
[11064] -> 14550	0.5866463262273307
[2152] -> 11064	0.4751071667988954
[11064] -> 2152	0.507969594550165
[2782] -> 11064	0.6149954646352166
[11064] -> 2782	0.5483633398650692
[4306] -> 11064	0.6074742881315601
[11064] -> 4306	0.6043346177619379
[14621] -> 11089	0.7156810098604592
[11089] -> 14621	0.7060648173030413
[15107] -> 11089	0.5473160934595761
[11089] -> 15107	0.6737329453406325
[11064] -> 11283	0.6630939386367521
[11283] -> 11064	0.5555788174625912
[11781] -> 11283	0.7782096276744883
[11283] -> 11781	0.44345703770632705
[12672] -> 11283	0.5484714212873527
[11283] -> 12672	0.42076933248121295
[14367] -> 11283	0.5358605229740586
[11283] -> 14367	0.4556768847654098
[14454] -> 11283	0.6080859964144446
[11283] -> 14454	0.4709158824955374
[14928] -> 11283	0.7973462002412545
[11283] -> 14928	0.41879696762677127
[17088] -> 11283	0.7331545289067156
[11283] -> 17088	0.5015040659364877
[2372] -> 11283	0.6040023328716192
[11283] -> 2372	0.4564592194283448
[30] -> 11283	0.6242726727639701
[11283] -> 30	0.4072657954470326
[4640] -> 11283	0.7801208271255259
[11283] -> 4640	0.5250347092139189
[607] -> 11283	0.7651025456866969
[11283] -> 607	0.4225709059655772
[6206] -> 11283	0.6751010807462925
[11283] -> 6206	0.5344668003614166
[6797] -> 11283	0.792420814479638
[11283] -> 6797	0.41680807457522534
[6971] -> 11283	0.7677816679283372
[11283] -> 6971	0.5364336558168236
[15107] -> 1145	0.46064892780958794
[1145] -> 15107	0.5269489276082023
[2152] -> 1145	0.5441182801650707
[1145] -> 2152	0.6312484838106653
[571] -> 11521	0.5715549757156144
[11521] -> 571	0.5851102515785646
[4306] -> 12155	0.5249319197313804
[12155] -> 4306	0.5819831307113388
[12155] -> 12161	0.5301001751416156
[12161] -> 12155	0.5940982744885472
[1905] -> 12161	0.4747732557839755
[12161] -> 1905	0.7562191506311545
[12155] -> 1220	0.550127875363657
[1220] -> 12155	0.5592255719191603
[14454] -> 12232	0.5828021399504851
[12232] -> 14454	0.5375182079445692
[3962] -> 12232	0.5110761177196603
[12232] -> 3962	0.4727569780717295
[11283] -> 12293	0.41878043942966703
[12293] -> 11283	0.7148889745784232
[571] -> 12293	0.4665250077503359
[12293] -> 571	0.6793476727453986
[11677] -> 12317	0.6716681757426809
[12317] -> 11677	0.5671877275595902
[15124] -> 12317	0.5768896932537997
[12317] -> 15124	0.7582406912956939
[15205] -> 12317	0.5518516066946033
[12317] -> 15205	0.6576896936744502
[2452] -> 12317	0.5382208105907944
[12317] -> 2452	0.4894715762901111
[3106] -> 12317	0.5959935317615613
[12317] -> 3106	0.48980533035584256
[6037] -> 12317	0.5232816943146639
[12317] -> 6037	0.5036227486771203
[7624] -> 12317	0.6155110628924614
[12317] -> 7624	0.5680494198747512
[11089] -> 12470	0.5654737682639375
[12470] -> 11089	0.4147930793665098
[11149] -> 12470	0.582436962773479
[12470] -> 11149	0.4129176147243686
[11677] -> 12470	0.6894177841015249
[12470] -> 11677	0.5403253058190092
[15205] -> 12470	0.608064277967586
[12470] -> 15205	0.6725878032845976
[1905] -> 12470	0.518601017835321
[12470] -> 1905	0.5664579062380319
[7617] -> 12470	0.5958414049575091
[12470] -> 7617	0.4746502511883575
[14313] -> 12582	0.3826880178457617
[12582] -> 14313	0.5349034673793517
[14550] -> 12582	0.5424316196477159
[12582] -> 14550	0.5272476719422057
[4306] -> 12582	0.5191153530920339
[12582] -> 4306	0.5466098745841511
[14538] -> 12672	0.4677185721676151
[12672] -> 14538	0.5194223214862798
[12299] -> 12911	0.6938931297709924
[12911] -> 12299	0.4924793953718314
[11089] -> 12918	0.5906881751802401
[12918] -> 11089	0.5679849980435441
[15205] -> 12918	0.40019450398936846
[12918] -> 15205	0.5802700647476172
[2152] -> 12918	0.48368666088550216
[12918] -> 2152	0.5806318245243597
[2782] -> 12918	0.5771565106452018
[12918] -> 2782	0.5778041919836987
[4306] -> 12918	0.5733614467387569
[12918] -> 4306	0.6404255476230907
[16377] -> 13050	0.44313383969221615
[13050] -> 16377	0.5457495265183656
[3938] -> 13050	0.5000129873503207
[13050] -> 3938	0.5226965712462579
[15107] -> 13081	0.5148010927734741
[13081] -> 15107	0.5605694259556087
[15107] -> 13359	0.49600189613662166
[13359] -> 15107	0.6992973785801595
[2152] -> 13462	0.47241339016095013
[13462] -> 2152	0.6461172235119949
[11677] -> 13651	0.5500869515227296
[13651] -> 11677	0.5669750320339523
[12582] -> 13728	0.5225497974694117
[13728] -> 12582	0.49857230131746705
[16377] -> 13728	0.5486699811493392
[13728] -> 16377	0.6610112090947726
[16668] -> 13728	0.6271909324608553
[13728] -> 16668	0.4989972906927327
[3427] -> 13728	0.5676507124588966
[13728] -> 3427	0.5158507756056098
[4432] -> 13728	0.5602786474840411
[13728] -> 4432	0.5810800042498937
[4996] -> 13728	0.5234545298886379
[13728] -> 4996	0.5278168827029325
[5317] -> 13728	0.44212342880692357
[13728] -> 5317	0.6839008712282193
[7234] -> 13728	0.5009037879640603
[13728] -> 7234	0.5023640033999149
[8782] -> 13728	0.4980135958329655
[13728] -> 8782	0.4869647790055249
[9340] -> 13728	0.5028111246802922
[13728] -> 9340	0.5796191032724182
[11064] -> 14240	0.5141637843738082
[14240] -> 11064	0.5822957314348695
[14454] -> 14240	0.5850075410489172
[14240] -> 14454	0.612366328080784
[14691] -> 14240	0.6255194902069436
[14240] -> 14691	0.6556998599982128
[2452] -> 14240	0.7414623730532608
[14240] -> 2452	0.8274999255309642
[3925] -> 14240	0.675058750830938
[14240] -> 3925	0.5369291948407852
[6037] -> 14240	0.5659989533483395
[14240] -> 6037	0.6684936403443448
[7624] -> 14240	0.4914028339415458
[14240] -> 7624	0.5565443388639004
[8644] -> 14240	0.5704138991869457
[14240] -> 8644	0.5992523308808198
[1428] -> 14313	0.6716311557612119
[14313] -> 1428	0.38015356118546845
[14312] -> 14313	0.6970607354310512
[14313] -> 14312	0.3951163161249203
[4656] -> 14313	0.6521921977030478
[14313] -> 4656	0.4247082138304653
[571] -> 14313	0.5932817505425235
[14313] -> 571	0.4573922482472913
[11521] -> 14410	0.6228900128929882
[14410] -> 11521	0.7129375974330644
[16879] -> 14410	0.5324776568198903
[14410] -> 16879	0.5789226740930211
[4306] -> 14454	0.5297636358829284
[14454] -> 4306	0.570195782703964
[15107] -> 14538	0.5344298491822911
[14538] -> 15107	0.5540804449042939
[14454] -> 14550	0.5382245809737912
[14550] -> 14454	0.5417084347701562
[4656] -> 14550	0.5907158477466318
[14550] -> 4656	0.5531648288701132
[6972] -> 14550	0.4593845026774656
[14550] -> 6972	0.5657310611485035
[2452] -> 14621	0.5720910680207651
[14621] -> 2452	0.6672503560505241
[571] -> 14621	0.4905445902655782
[14621] -> 571	0.5910983477699173
[7624] -> 14621	0.4994509649209324
[14621] -> 7624	0.5911528254457441
[1180] -> 14691	0.667567642110489
[14691] -> 1180	0.5158457833379511
[14621] -> 14691	0.6395056540044982
[14691] -> 14621	0.583761357743157
[15107] -> 14691	0.6040005987799858
[14691] -> 15107	0.6879435647151595
[2152] -> 14691	0.46857568097812385
[14691] -> 2152	0.5412572906232462
[2782] -> 14691	0.6476353419222572
[14691] -> 2782	0.6238855381030527
[4306] -> 14691	0.6312957724136108
[14691] -> 4306	0.678516371489667
[10583] -> 15124	0.6370949069111304
[15124] -> 10583	0.3429934070804632
[12155] -> 15124	0.6638526758561054
[15124] -> 12155	0.4182441042309184
[12299] -> 15124	0.6992557251908397
[15124] -> 12299	0.3383349646346193
[12785] -> 15124	0.8077418835092243
[15124] -> 12785	0.37033001532807625
[13763] -> 15124	0.7462497486426705
[15124] -> 13763	0.3426748416406582
[14660] -> 15124	0.7530906697716803
[15124] -> 14660	0.3433996934384753
[15755] -> 15124	0.7373972975105881
[15124] -> 15755	0.3882574008753624
[16139] -> 15124	0.7137507644540622
[15124] -> 16139	0.3502419250586345
[2372] -> 15124	0.6367645986731792
[15124] -> 2372	0.4032622947792203
[4640] -> 15124	0.6806431015569999
[15124] -> 4640	0.3838759718554359
[6206] -> 15124	0.6408066974258335
[15124] -> 6206	0.42513250475539716
[6971] -> 15124	0.7263673353520061
[15124] -> 6971	0.4252848621396517
[8687] -> 15124	0.8065090481380367
[15124] -> 8687	0.34506639088441154
[10358] -> 15205	0.6572686663573424
[15205] -> 10358	0.36785185109752183
[15124] -> 15393	0.35263347430238784
[15393] -> 15124	0.7191251376976019
[3860] -> 15393	0.47533249404813843
[15393] -> 3860	0.7180894634265754
[16879] -> 1542	0.5497535985744912
[1542] -> 16879	0.6868179169891389
[571] -> 1542	0.4806887465123489
[1542] -> 571	0.647199492160665
[3860] -> 15471	0.4579256360078278
[15471] -> 3860	0.7128470807381104
[11064] -> 15582	0.4775838714343955
[15582] -> 11064	0.41141050985901134
[12672] -> 15582	0.5886733645967238
[15582] -> 12672	0.464322331042999
[14367] -> 15582	0.5301655998134087
[15582] -> 14367	0.46352364066863416
[16242] -> 15582	0.5337679987420536
[15582] -> 16242	0.5383909504415455
[17169] -> 15582	0.5066648344097843
[15582] -> 17169	0.41769807238060713
[2452] -> 15582	0.5342305793175236
[15582] -> 2452	0.45351452087074245
[3106] -> 15582	0.6013837304605297
[15582] -> 3106	0.4613484839044064
[6037] -> 15582	0.5411378238472645
[15582] -> 6037	0.4861532012756388
[7624] -> 15582	0.5501660255778018
[15582] -> 7624	0.47395759577203905
[8644] -> 15582	0.5781971036272
[15582] -> 8644	0.46203954933470787
[2152] -> 15755	0.448993523865754
[15755] -> 2152	0.6401532755188832
[4306] -> 15755	0.5155527060254342
[15755] -> 4306	0.6839437755934165
[10042] -> 16242	0.614920651033736
[16242] -> 10042	0.40822045510703775
[11521] -> 16242	0.5441303844755199
[16242] -> 11521	0.46216613877844415
[13081] -> 16242	0.571837050721291
[16242] -> 13081	0.47282498820675245
[14149] -> 16242	0.6588886195916526
[16242] -> 14149	0.4427409753577285
[14410] -> 16242	0.5806329554570083
[16242] -> 14410	0.43088033784846236
[16384] -> 16242	0.6574645604335965
[16242] -> 16384	0.5102376620167576
[16879] -> 16242	0.5413870868947851
[16242] -> 16879	0.4367994249387874
[3427] -> 16242	0.6611618560467666
[16242] -> 3427	0.5081204932946963
[4432] -> 16242	0.5488817604989019
[16242] -> 4432	0.48142282723453955
[4996] -> 16242	0.7686552911812548
[16242] -> 4996	0.6554686973515735
[5317] -> 16242	0.5887638230647709
[16242] -> 5317	0.7702057640901228
[6844] -> 16242	0.7072894890160732
[16242] -> 6844	0.46359817597771635
[7234] -> 16242	0.6807410399189571
[16242] -> 7234	0.5773805512500843
[9340] -> 16242	0.6871759717965852
[16242] -> 9340	0.6699182334838376
[11089] -> 16377	0.6209546770267884
[16377] -> 11089	0.44577403459261633
[11149] -> 16377	0.5738651710386247
[16377] -> 11149	0.3981623361590952
[11677] -> 16377	0.6156527113065723
[16377] -> 11677	0.472220078709777
[15205] -> 16377	0.5304408926816601
[16377] -> 15205	0.5742120754467386
[2452] -> 16377	0.597633886271736
[16377] -> 2452	0.4936723512616714
[6037] -> 16377	0.5794414915416675
[16377] -> 6037	0.5065426124149791
[7624] -> 16377	0.6182595259230036
[16377] -> 7624	0.5182719125152956
[10042] -> 16384	0.650255473217609
[16384] -> 10042	0.556236567698798
[11521] -> 16384	0.5070514727759595
[16384] -> 11521	0.5549412777781798
[14410] -> 16384	0.5570673971939277
[16384] -> 14410	0.5326753164053172
[16879] -> 16384	0.5185009883898989
[16384] -> 16879	0.539043222160312
[571] -> 16384	0.48460912472873824
[16384] -> 571	0.5429580369483259
[6972] -> 16384	0.522236628660802
[16384] -> 6972	0.6499605624018583
[12155] -> 16954	0.5375162134236156
[16954] -> 12155	0.5082455654101995
[3860] -> 17088	0.5136923978211824
[17088] -> 3860	0.6638637864656325
[3962] -> 17088	0.5267522113222536
[17088] -> 3962	0.5981169155430983
[2862] -> 17157	0.6451427058841848
[17157] -> 2862	0.6317209834190967
[8904] -> 17157	0.647166043895043
[17157] -> 8904	0.5954716981132075
[11521] -> 17169	0.47633971370954414
[17169] -> 11521	0.49501168063762546
[13081] -> 17169	0.5567048819582168
[17169] -> 13081	0.5631922495533874
[2372] -> 17169	0.5314864766348326
[17169] -> 2372	0.5009207090834135
[1905] -> 17324	0.3725875395094384
[17324] -> 1905	0.6592464191223428
[15124] -> 17355	0.3773523056750817
[17355] -> 15124	0.596944178674983
[15205] -> 17355	0.44221143907493493
[17355] -> 15205	0.6343093361768637
[2452] -> 17355	0.4897241535771956
[17355] -> 2452	0.5360322526457248
[6037] -> 17355	0.5237545791010144
[17355] -> 6037	0.606694468992616
[8644] -> 17355	0.5590509877864651
[17355] -> 8644	0.5760120947421468
[16377] -> 1798	0.42223826794395514
[1798] -> 16377	0.6756661403988463
[10168] -> 1905	0.7603755382059207
[1905] -> 10168	0.43890152159677426
[11314] -> 1905	0.6919248510654192
[1905] -> 11314	0.38208011714902984
[1905] -> 191	0.42663490442969765
[191] -> 1905	0.83814829821718
[15124] -> 1962	0.4102384162219062
[1962] -> 15124	0.6106144214844798
[15205] -> 1962	0.4614327102756152
[1962] -> 15205	0.6227640376858006
[16882] -> 1962	0.6530422626455495
[1962] -> 16882	0.5264673341625493
[2372] -> 1962	0.5633884960268281
[1962] -> 2372	0.5310646719672346
[6206] -> 1962	0.576616074100364
[1962] -> 6206	0.5693964362042071
[571] -> 2122	0.5218430298646275
[2122] -> 571	0.7644304001059633
[15107] -> 2372	0.5676247146439131
[2372] -> 15107	0.663446817817307
[1180] -> 2452	0.6905241286740031
[2452] -> 1180	0.5011743824483205
[13359] -> 2452	0.6411002752446864
[2452] -> 13359	0.4864612387065778
[2152] -> 2452	0.4772228269894278
[2452] -> 2152	0.5177625345308475
[2782] -> 2452	0.6566102019896608
[2452] -> 2782	0.5941107389267745
[4306] -> 2452	0.6238267720699046
[2452] -> 4306	0.6297625879118678
[1905] -> 2782	0.5188433595784285
[2782] -> 1905	0.7420667989174122
[14621] -> 2862	0.5881409882250395
[2862] -> 14621	0.5883561963782445
[15107] -> 2862	0.5508027394184349
[2862] -> 15107	0.6875107048876571
[4432] -> 2862	0.48576989813231913
[2862] -> 4432	0.5906684521121716
[5317] -> 2862	0.3741886461982279
[2862] -> 5317	0.6786120237298164
[15107] -> 30	0.47949802277858866
[30] -> 15107	0.6492192580206565
[11064] -> 3106	0.4983298044424571
[3106] -> 11064	0.5595838471251042
[14367] -> 3106	0.4925298675719802
[3106] -> 14367	0.5613264319099763
[2452] -> 3106	0.5031561528298613
[3106] -> 2452	0.5567853741019412
[6037] -> 3106	0.47893140648545723
[3106] -> 6037	0.5608686342122557
[7624] -> 3106	0.5596409902357234
[3106] -> 7624	0.6284602491305535
[16954] -> 3427	0.5474223946784922
[3427] -> 16954	0.5773036170990136
[4432] -> 3427	0.47379036130692836
[3427] -> 4432	0.5407234198027037
[4996] -> 3427	0.5372776544811553
[3427] -> 4996	0.5961563755937158
[5317] -> 3427	0.44526581495981865
[3427] -> 5317	0.7579247351114359
[7234] -> 3427	0.4873039309810569
[3427] -> 7234	0.5378005115089515
[9340] -> 3427	0.4819465886310745
[3427] -> 9340	0.6113554987212276
[12232] -> 3624	0.49231657546290825
[3624] -> 12232	0.5381415497604498
[16954] -> 3624	0.5035684589800443
[3624] -> 16954	0.5212367673638008
[5496] -> 3624	0.5318661135158046
[3624] -> 5496	0.5939911638982127
[11521] -> 3860	0.62150814902972
[3860] -> 11521	0.5858376855672031
[13081] -> 3860	0.5410565350865277
[3860] -> 13081	0.4964849738865968
[14410] -> 3860	0.6536453209426223
[3860] -> 14410	0.5383100452466127
[16879] -> 3860	0.5926232703176768
[3860] -> 16879	0.5306255998603961
[17308] -> 3860	0.6734412801391771
[3860] -> 17308	0.46320440749373654
[4432] -> 3860	0.6194912378427869
[3860] -> 4432	0.6030014832911613
[4996] -> 3860	0.5132073732111928
[3860] -> 4996	0.485678138282623
[5317] -> 3860	0.47459475238683974
[3860] -> 5317	0.6890074413850699
[9340] -> 3860	0.47124357704094566
[3860] -> 9340	0.5098408266543683
[1905] -> 3925	0.44264492809668915
[3925] -> 1905	0.8037581806435907
[14621] -> 3938	0.7162802642945529
[3938] -> 14621	0.5976583807371619
[15107] -> 3938	0.6003580205331637
[3938] -> 15107	0.6250357152133821
[2152] -> 3938	0.48965233060880586
[3938] -> 2152	0.5170004415699109
[2782] -> 3938	0.5806889329724708
[3938] -> 2782	0.5113249694797267
[4306] -> 3938	0.5737712502974381
[3938] -> 4306	0.5636964596483025
[16879] -> 4306	0.619010496422307
[4306] -> 16879	0.5878169367844962
[10583] -> 4432	0.6348137793823805
[4432] -> 10583	0.4739632354353547
[12155] -> 4432	0.6170627505294554
[4432] -> 12155	0.5391431845975554
[1220] -> 4432	0.6105213757346862
[4432] -> 1220	0.5247498127196942
[571] -> 4432	0.541238245323964
[4432] -> 571	0.5365564754166586
[11064] -> 457	0.4837123055274267
[457] -> 11064	0.6300166149946045
[14454] -> 457	0.703594092370735
[457] -> 14454	0.8470221476165191
[15107] -> 4640	0.49011389294312835
[4640] -> 15107	0.6432489071530312
[6206] -> 4640	0.5034551869558863
[4640] -> 6206	0.5922248235891222
[5317] -> 4656	0.4157007692836046
[4656] -> 5317	0.7404306403021822
[1307] -> 4996	0.6661413944739165
[4996] -> 1307	0.5317260136848275
[11283] -> 5054	0.41694030015205946
[5054] -> 11283	0.7301161579130167
[12918] -> 5054	0.5695132485289667
[5054] -> 12918	0.7442210473507506
[14313] -> 5054	0.37060826959847043
[5054] -> 14313	0.7180758692548143
[1905] -> 5054	0.3983943570467307
[5054] -> 1905	0.7454270057500096
[11283] -> 5085	0.40622451902946427
[5085] -> 11283	0.6520197375402356
[7617] -> 5317	0.7579078350136451
[5317] -> 7617	0.4601964420633285
[2372] -> 5401	0.5484070860975432
[5401] -> 2372	0.612606376481127
[16377] -> 5496	0.4717515681324617
[5496] -> 16377	0.5496487149517705
[1905] -> 5496	0.5267529815768713
[5496] -> 1905	0.6560681762718831
[4306] -> 5862	0.5043888639187797
[5862] -> 4306	0.5993653686045964
[2452] -> 5926	0.5130983678753019
[5926] -> 2452	0.632009797072385
[6037] -> 5926	0.4662202634283516
[5926] -> 6037	0.6077390296624449
[1428] -> 6037	0.6440522898815911
[6037] -> 1428	0.4616112130440539
[14312] -> 6037	0.6482369683234069
[6037] -> 14312	0.46528079898613495
[4656] -> 6037	0.5886666360814179
[6037] -> 4656	0.4854130806237035
[6972] -> 6037	0.4944444767458762
[6037] -> 6972	0.5361882964167943
[11521] -> 6134	0.48479619160963994
[6134] -> 11521	0.5544817259919689
[13081] -> 6134	0.526637507131408
[6134] -> 13081	0.5863714391584806
[2452] -> 6134	0.49124551265797445
[6134] -> 2452	0.5567352556394958
[5401] -> 6134	0.589120078179079
[6134] -> 5401	0.5470556652071659
[6037] -> 6134	0.5427456321208567
[6134] -> 6037	0.6509524565741811
[1220] -> 6287	0.5502119322710648
[6287] -> 1220	0.3821154194366125
[12232] -> 6287	0.5415141136175742
[6287] -> 12232	0.4269639669934556
[13462] -> 6287	0.6751539315635409
[6287] -> 13462	0.4152461263871285
[13651] -> 6287	0.633813040225756
[6287] -> 13651	0.4427067435784682
[16954] -> 6287	0.6185629157427938
[6287] -> 16954	0.4618381230761272
[3938] -> 6287	0.5745473908413206
[6287] -> 3938	0.4577355855040224
[16377] -> 6386	0.4809950062284347
[6386] -> 16377	0.5890472911857221
[3106] -> 6386	0.5632979155437086
[6386] -> 3106	0.5149514667962685
[7624] -> 6386	0.501377519150475
[6386] -> 7624	0.5147084632727175
[16377] -> 6692	0.4216760552511768
[6692] -> 16377	0.6096876768224164
[4996] -> 6692	0.536981303548967
[6692] -> 4996	0.6498218825460834
[5317] -> 6692	0.4298200425853424
[6692] -> 5317	0.7979343157022291
[7234] -> 6692	0.5063596215346519
[6692] -> 7234	0.609472501374732
[9340] -> 6692	0.4730235719717044
[6692] -> 9340	0.6544122920966855
[1905] -> 6797	0.3851944663583255
[6797] -> 1905	0.7824807273336686
[12470] -> 6971	0.43166662911982695
[6971] -> 12470	0.6043795735553873
[14312] -> 6971	0.6519176373442962
[6971] -> 14312	0.5852021826898814
[3860] -> 6971	0.5069739613845713
[6971] -> 3860	0.6414490285137522
[3962] -> 6971	0.5530256279304009
[6971] -> 3962	0.6147883547817311
[11337] -> 6972	0.6193530706449596
[6972] -> 11337	0.42048711851201515
[14313] -> 6972	0.598759161886552
[6972] -> 14313	0.6991644911652354
[14538] -> 6972	0.5208225556130367
[6972] -> 14538	0.468280316993331
[14712] -> 6972	0.7139203449985443
[6972] -> 14712	0.5274694606113111
[2152] -> 6972	0.5967084263547298
[6972] -> 2152	0.5641167270380427
[2782] -> 6972	0.6088671912449024
[6972] -> 2782	0.4800425603665308
[4306] -> 6972	0.5901237342357826
[6972] -> 4306	0.5191027437482194
[13651] -> 7234	0.5821291283061631
[7234] -> 13651	0.5203898537386364
[16954] -> 7234	0.5131721175166297
[7234] -> 16954	0.4903695267858917
[2152] -> 7234	0.5536387510224665
[7234] -> 2152	0.5960365752726261
[4306] -> 7234	0.4857097533246967
[7234] -> 4306	0.48654911905502846
[4996] -> 7624	0.544528373955363
[7624] -> 4996	0.5436762336851103
[5317] -> 7624	0.47648791125764134
[7624] -> 5317	0.7298221389354637
[571] -> 7624	0.57094140746099
[7624] -> 571	0.5812539040668047
[9340] -> 7624	0.5262678863568285
[7624] -> 9340	0.6007035539336555
[11283] -> 8387	0.4564482006302753
[8387] -> 11283	0.6969128532974429
[12918] -> 8387	0.5408899290507867
[8387] -> 12918	0.6162769179004037
[13728] -> 8387	0.5305726731831704
[8387] -> 13728	0.6721063257065949
[14313] -> 8387	0.37380497131931173
[8387] -> 14313	0.6314939434724093
[14550] -> 8387	0.5212945725332953
[8387] -> 14550	0.6124158815612383
[4432] -> 8387	0.5121043903625875
[8387] -> 4432	0.6727960969044415
[5317] -> 8387	0.34063122467202417
[8387] -> 5317	0.6674629878869449
[1905] -> 8596	0.3980540473649202
[8596] -> 1905	0.7772441705932102
[12470] -> 8644	0.4121403951429408
[8644] -> 12470	0.5187243483870053
[15124] -> 8782	0.4072928401263181
[8782] -> 15124	0.599099496777611
[11521] -> 9340	0.5239578167873318
[9340] -> 11521	0.45649669347219984
[13081] -> 9340	0.5721970170338776
[9340] -> 13081	0.4853107214451946
[16879] -> 9340	0.5542361555809227
[9340] -> 16879	0.45868568400193555
[6972] -> 9756	0.45569826328121815
[9756] -> 6972	0.5921515888726031
[12317] -> 9960	0.44071920967037237
[9960] -> 12317	0.6692005749668288
[4306] -> 9960	0.4885849879702827
[9960] -> 4306	0.6811053368715908
