[1905] -> 10042	0.4860859746005228
[10042] -> 1905	0.7974824890874023
[13050] -> 10359	0.5157725387440347
[10359] -> 13050	0.7093575823211434
[2152] -> 10359	0.4448360055843589
[10359] -> 2152	0.67527144737702
[11521] -> 10583	0.4812588845912261
[10583] -> 11521	0.6242056788069531
[6206] -> 10583	0.5159258717996895
[10583] -> 6206	0.6357742541313277
[14454] -> 10947	0.5141359096212401
[10947] -> 14454	0.5415152446106235
[5496] -> 10947	0.5055743221547195
[10947] -> 5496	0.5898903766756333
[11089] -> 11064	0.5626866703008991
[11064] -> 11089	0.48189744736253765
[15205] -> 11064	0.40184931541724156
[11064] -> 15205	0.5189573771354173
[1905] -> 11089	0.5171572797912767
[11089] -> 1905	0.7700836129388912
[571] -> 11089	0.49326366642554514
[11089] -> 571	0.5863885199204565
[11443] -> 11283	0.690676863146368
[11283] -> 11443	0.4239427463252309
[12232] -> 11283	0.5777462829547393
[11283] -> 12232	0.4851136038080966
[13651] -> 11283	0.6010976720760223
[11283] -> 13651	0.4471207880644379
[1542] -> 11283	0.7346365557362365
[11283] -> 1542	0.46543953985499265
[16765] -> 11283	0.7247503209808784
[11283] -> 16765	0.4074035304229015
[16954] -> 11283	0.6817973946784922
[11283] -> 16954	0.5421083368226194
[17560] -> 11283	0.7707414136170949
[11283] -> 17560	0.44174912400555344
[4656] -> 11283	0.7245721888333256
[11283] -> 4656	0.5220761619322565
[6972] -> 11283	0.5708438232233082
[11283] -> 6972	0.540912797232078
[12582] -> 12161	0.5397544577608886
[12161] -> 12582	0.636928080419839
[2452] -> 12161	0.5052847210174422
[12161] -> 2452	0.6219150631154475
[6037] -> 12161	0.4961885486220137
[12161] -> 6037	0.6463153226402544
[8644] -> 12161	0.5537487683681498
[12161] -> 8644	0.6415765310731679
[2372] -> 1220	0.5800758183276227
[1220] -> 2372	0.5927324736853867
[12911] -> 12317	0.5935758257088872
[12317] -> 12911	0.5318704791494733
[6971] -> 12317	0.5741783371183447
[12317] -> 6971	0.4418600417495994
[2452] -> 12470	0.552740448133666
[12470] -> 2452	0.4665401338169366
[571] -> 12470	0.5219463676759326
[12470] -> 571	0.4551465453152808
[6037] -> 12470	0.5329537644781559
[12470] -> 6037	0.4760582576764514
[7624] -> 12470	0.6559818522536739
[12470] -> 7624	0.5618790691387506
[1220] -> 12582	0.5741241498498969
[12582] -> 1220	0.536399827396612
[15124] -> 12582	0.38719089918558053
[12582] -> 15124	0.5836778441280048
[15205] -> 12582	0.4258058931653742
[12582] -> 15205	0.5820283682020017
[30] -> 12582	0.6325150110207494
[12582] -> 30	0.5212761515012319
[11677] -> 12672	0.5380071573319536
[12672] -> 11677	0.537663288975705
[16377] -> 12911	0.4886179489158114
[12911] -> 16377	0.6003480946221412
[6972] -> 12911	0.5305161316580518
[12911] -> 6972	0.6179289047209486
[15755] -> 12918	0.6488692861464536
[12918] -> 15755	0.5463237085545113
[571] -> 12918	0.5529929213599256
[12918] -> 571	0.632127221315772
[11521] -> 13050	0.4852325696717246
[13050] -> 11521	0.49818413853495613
[16879] -> 13050	0.516190104964223
[13050] -> 16879	0.5034178925145777
[1905] -> 13050	0.48111023455587004
[13050] -> 1905	0.6333928438087609
[7617] -> 13050	0.613170062640517
[13050] -> 7617	0.5887328341694216
[14367] -> 13462	0.47356622696763156
[13462] -> 14367	0.6148346287137041
[10042] -> 13728	0.7021706764118701
[13728] -> 10042	0.5511912983425414
[11521] -> 13728	0.6363714502958775
[13728] -> 11521	0.6391308967275817
[13081] -> 13728	0.547739683229645
[13728] -> 13081	0.5355330960475988
[14410] -> 13728	0.6702486718832771
[13728] -> 14410	0.5881321716957076
[16384] -> 13728	0.6157692502514599
[13728] -> 16384	0.5650698576285593
[16879] -> 13728	0.598706740540691
[13728] -> 16879	0.5711790798980025
[3860] -> 13728	0.5450534109464394
[13728] -> 3860	0.5807479813004675
[3962] -> 13728	0.5989686407195397
[13728] -> 3962	0.5607336379090523
[5054] -> 13728	0.7080230000385908
[13728] -> 5054	0.48733000424989376
[5317] -> 13763	0.3231248712136823
[13763] -> 5317	0.7567866478986527
[12232] -> 14240	0.4819757752319463
[14240] -> 12232	0.5470197491882876
[16954] -> 14240	0.5626385809312638
[14240] -> 16954	0.6046885704923892
[2372] -> 14240	0.5641029379601954
[14240] -> 2372	0.576226505019213
[6206] -> 14240	0.5558431978398992
[14240] -> 6206	0.5948065294450567
[6971] -> 14240	0.5767332197829926
[14240] -> 6971	0.5446590807542223
[11337] -> 14313	0.6478457098324013
[14313] -> 11337	0.37666806086679416
[14538] -> 14313	0.5894723228142783
[14313] -> 14538	0.45389181007010837
[14712] -> 14313	0.7171310978728763
[14313] -> 14712	0.4537523900573614
[4996] -> 14313	0.707725539523336
[14313] -> 4996	0.5351039674952199
[5317] -> 14313	0.6299453946012775
[14313] -> 5317	0.7306704110898661
[6844] -> 14313	0.7127557489975668
[14313] -> 6844	0.4142268164435947
[9340] -> 14313	0.7216640936427108
[14313] -> 9340	0.6237950127469727
[14712] -> 14367	0.6462663193597382
[14367] -> 14712	0.5320639075336253
[15107] -> 14410	0.6017489365417961
[14410] -> 15107	0.7300933843895203
[2372] -> 14410	0.5364365386017351
[14410] -> 2372	0.5568479363109382
[6206] -> 14410	0.5850713654425631
[14410] -> 6206	0.6362322350199028
[12232] -> 14550	0.5060955605422358
[14550] -> 12232	0.552284118573679
[16954] -> 14550	0.5878810975609756
[14550] -> 16954	0.6074967778891595
[4432] -> 14550	0.5109775071550681
[14550] -> 4432	0.5714306172132322
[5317] -> 14550	0.40427742289992447
[14550] -> 5317	0.6743090362308464
[9340] -> 14550	0.4329477637733588
[14550] -> 9340	0.538149792352857
[16879] -> 14574	0.5134755129882785
[14574] -> 16879	0.6679766022564697
[6206] -> 14621	0.5449939803892914
[14621] -> 6206	0.6094806720988691
[11064] -> 14691	0.6048277857415274
[14691] -> 11064	0.6534458629043144
[11781] -> 14691	0.7082112712823041
[14691] -> 11781	0.520385328530935
[14454] -> 14691	0.5866580347741953
[14691] -> 14454	0.5858286623615581
[17088] -> 14691	0.6447671515327245
[14691] -> 17088	0.568707685968614
[3938] -> 14691	0.534747655783267
[14691] -> 3938	0.5850187904491947
[6287] -> 14691	0.4412219664243772
[14691] -> 6287	0.6058836484019238
[5317] -> 15062	0.3431983652723401
[15062] -> 5317	0.7793830915613789
[1428] -> 15124	0.6847124232454211
[15124] -> 1428	0.35935104988088423
[14574] -> 15124	0.6954218656621814
[15124] -> 14574	0.3545818020646734
[1542] -> 15124	0.71957529326852
[15124] -> 1542	0.3820430663539493
[16377] -> 15124	0.6551376318719478
[15124] -> 16377	0.5487589798518901
[16668] -> 15124	0.7163472774012619
[15124] -> 16668	0.39625385510351063
[4656] -> 15124	0.6984141548531143
[15124] -> 4656	0.4217067720548856
[607] -> 15124	0.811317931529806
[15124] -> 607	0.3755055495022992
[6972] -> 15124	0.7618014896128286
[15124] -> 6972	0.6049188350662063
[14538] -> 15205	0.5786471805483704
[15205] -> 14538	0.4556179575044425
[14712] -> 15205	0.697418019563558
[15205] -> 14712	0.45124416360738706
[1905] -> 15205	0.5862710824425985
[15205] -> 1905	0.5789395968370189
[7617] -> 15205	0.5288740261025721
[15205] -> 7617	0.38088667342169175
[15107] -> 1542	0.4516422788568293
[1542] -> 15107	0.6296686000504361
[2152] -> 1542	0.45913516239537017
[1542] -> 2152	0.6491821525778934
[4306] -> 1542	0.4815059619808053
[1542] -> 4306	0.6334773950624798
[12232] -> 15582	0.4849612219991339
[15582] -> 12232	0.4186666968771773
[16954] -> 15582	0.519041019955654
[15582] -> 16954	0.4243141742051331
[2372] -> 15582	0.5256324269155063
[15582] -> 2372	0.40841400483745804
[6206] -> 15582	0.632191347070572
[15582] -> 6206	0.5145831799205841
[16879] -> 15755	0.523366372469861
[15755] -> 16879	0.6593214840016485
[1145] -> 16242	0.5888950725630377
[16242] -> 1145	0.4635083226632522
[1307] -> 16242	0.6902571633651521
[16242] -> 1307	0.46984298133297386
[15107] -> 16242	0.5430809725184936
[16242] -> 15107	0.48897050564952715
[3860] -> 16242	0.5252845052164483
[16242] -> 3860	0.4733247972684592
[3962] -> 16242	0.5285113385681555
[16242] -> 3962	0.4184300379630253
[571] -> 16242	0.5032615996693189
[16242] -> 571	0.4375912572725026
[6386] -> 16242	0.5938398606779799
[16242] -> 6386	0.4940528337489049
[12155] -> 16377	0.5527806479506966
[16377] -> 12155	0.4157783338661493
[15755] -> 16377	0.6643371359925642
[16377] -> 15755	0.4175972572839615
[2372] -> 16377	0.5479405117737114
[16377] -> 2372	0.4142791000187404
[4640] -> 16377	0.6981040946970316
[16377] -> 4640	0.4700483943866921
[6206] -> 16377	0.5880220185529274
[16377] -> 6206	0.46573809707539165
[15107] -> 16384	0.5113269213976523
[16384] -> 15107	0.5932210748735464
[3427] -> 16384	0.535564486664231
[16384] -> 3427	0.5303597143125918
[4432] -> 16384	0.4751861598253331
[16384] -> 4432	0.5370460153553364
[4996] -> 16384	0.5141095971602995
[16384] -> 4996	0.5649056030334387
[5317] -> 16384	0.43318136547839825
[16384] -> 5317	0.7301889386582533
[7234] -> 16384	0.4983414001099112
[16384] -> 7234	0.5446368484655517
[9340] -> 16384	0.47214797575981016
[16384] -> 9340	0.59310529476891
[8904] -> 16879	0.632724922740416
[16879] -> 8904	0.5315588718434168
[1905] -> 16882	0.4582476113869682
[16882] -> 1905	0.7575651669877422
[1905] -> 16954	0.5262476732614558
[16954] -> 1905	0.707185421286031
[16377] -> 17157	0.5137576753056343
[17157] -> 16377	0.710569849437774
[2152] -> 17157	0.45548810863669076
[17157] -> 2152	0.5645969125214408
[2782] -> 17157	0.6615806668092419
[17157] -> 2782	0.6839031827711073
[4306] -> 17157	0.5971234434074505
[17157] -> 4306	0.6886983037926434
[15107] -> 17169	0.4865212130284545
[17169] -> 15107	0.5359488800329806
[1962] -> 17169	0.5102701365457432
[17169] -> 1962	0.510196509550639
[6972] -> 17169	0.4986365565640063
[17169] -> 6972	0.5892606843479457
[1905] -> 17308	0.4149664073094394
[17308] -> 1905	0.7292208439422633
[12155] -> 17355	0.5772271931174475
[17355] -> 12155	0.5752963430933618
[2372] -> 17355	0.5943792374425895
[17355] -> 2372	0.5954688538478954
[6206] -> 17355	0.5374433704252698
[17355] -> 6206	0.5640488171838824
[11064] -> 17560	0.47811649285235214
[17560] -> 11064	0.698935894108487
[11521] -> 17627	0.49333201097556945
[17627] -> 11521	0.7023287335981476
[6287] -> 1798	0.39891875113168995
[1798] -> 6287	0.6801114864566887
[10358] -> 1905	0.7058962671834202
[1905] -> 10358	0.40007012441928214
[14312] -> 1905	0.7652277798274741
[1905] -> 14312	0.4491675303313894
[16082] -> 1905	0.7001269925510339
[1905] -> 16082	0.38091997050649423
[2372] -> 1905	0.729102573449005
[1905] -> 2372	0.5156774482961313
[6206] -> 1905	0.7573783725477915
[1905] -> 6206	0.5611655090981277
[10583] -> 1962	0.6280647291375451
[1962] -> 10583	0.5032882304029027
[12155] -> 1962	0.5821956456423447
[1962] -> 12155	0.5459561981596905
[6972] -> 1962	0.4333947706566041
[1962] -> 6972	0.5122355156371333
[4306] -> 2152	0.5722113528805225
[2152] -> 4306	0.5324267975423901
[5317] -> 2372	0.36214283261212993
[2372] -> 5317	0.6149959903769046
[11521] -> 2452	0.8275248768554332
[2452] -> 11521	0.8351393911894625
[13081] -> 2452	0.5330557744029992
[2452] -> 13081	0.5237011730479227
[14410] -> 2452	0.7266425511949267
[2452] -> 14410	0.6407056970893998
[16879] -> 2452	0.5615655539159728
[2452] -> 16879	0.5383409178866453
[7624] -> 2782	0.5499030147614821
[2782] -> 7624	0.6167506139335256
[11064] -> 2862	0.5966674995725878
[2862] -> 11064	0.7064447316381982
[14454] -> 2862	0.5394482228735664
[2862] -> 14454	0.5903414664528285
[17088] -> 2862	0.6080075387812304
[2862] -> 17088	0.5877100104323997
[3860] -> 2862	0.4897914667132013
[2862] -> 3860	0.6118446662410663
[3962] -> 2862	0.5524297945084019
[2862] -> 3962	0.6063326222692804
[6974] -> 2862	0.665257561632962
[2862] -> 6974	0.5611385329243418
[16954] -> 3106	0.5115022172949002
[3106] -> 16954	0.5450746136408946
[6206] -> 3106	0.5164130079264007
[3106] -> 6206	0.5479321573347313
[5317] -> 313	0.3287828834397967
[313] -> 5317	0.7673225664248788
[12470] -> 3427	0.5195206019509339
[3427] -> 12470	0.6740518816222142
[3860] -> 3427	0.497669113889339
[3427] -> 3860	0.5835074899525028
[6386] -> 3427	0.4989942354164135
[3427] -> 6386	0.5401826817683596
[12470] -> 3624	0.4115377683660366
[3624] -> 12470	0.5240769429382908
[2782] -> 3624	0.5713969660990701
[3624] -> 2782	0.5557133430874717
[4306] -> 3624	0.513530127171298
[3624] -> 4306	0.5572266689617581
[1307] -> 3860	0.5969127195624014
[3860] -> 1307	0.4509080484126291
[14621] -> 3860	0.6318009541375794
[3860] -> 14621	0.5059518615927306
[15107] -> 3860	0.6357858363584198
[3860] -> 15107	0.6352786468395927
[3962] -> 3860	0.6346760865093383
[3860] -> 3962	0.5576426888703304
[4745] -> 3860	0.6767867607826672
[3860] -> 4745	0.48222543532725887
[2452] -> 3925	0.5277581305966663
[3925] -> 2452	0.7405226249215876
[6037] -> 3925	0.47051405728841555
[3925] -> 6037	0.6986807980750326
[11064] -> 3938	0.5033338155420245
[3938] -> 11064	0.49706485882750195
[1220] -> 3938	0.5812531193897543
[3938] -> 1220	0.5066884854152055
[14454] -> 3938	0.5749409521641388
[3938] -> 14454	0.5247928517623834
[17088] -> 3938	0.6000740991317515
[3938] -> 17088	0.48380477414997786
[14538] -> 3962	0.48817252974650804
[3962] -> 14538	0.5354769150015251
[5317] -> 3962	0.40979806305378114
[3962] -> 5317	0.6771221245717447
[9340] -> 3962	0.41953731652803067
[3962] -> 9340	0.516601763383199
[1905] -> 4123	0.3792390469266426
[4123] -> 1905	0.604012515500661
[15107] -> 4306	0.6103252123797762
[4306] -> 15107	0.6467691616212358
[15107] -> 4356	0.48205531230118637
[4356] -> 15107	0.7289756649688739
[1905] -> 4432	0.585085154763562
[4432] -> 1905	0.726532337066134
[5862] -> 4432	0.577585258957885
[4432] -> 5862	0.4708386956326873
[4656] -> 4577	0.563938462479546
[4577] -> 4656	0.6938781270286289
[11064] -> 4640	0.4951472270808401
[4640] -> 11064	0.6164229931727762
[14538] -> 4996	0.4827599586135541
[4996] -> 14538	0.49163961092415387
[14712] -> 4996	0.6544741998693665
[4996] -> 14712	0.5476960361416425
[15124] -> 5054	0.38921309719477737
[5054] -> 15124	0.8133176397946977
[7624] -> 5054	0.5089851070125259
[5054] -> 7624	0.7468162698259561
[5317] -> 5085	0.3147322961741878
[5085] -> 5317	0.6483233702380532
[10168] -> 5317	0.6870008754220785
[5317] -> 10168	0.33015231128511574
[11521] -> 5496	0.560011901219875
[5496] -> 11521	0.5439395301642755
[13081] -> 5496	0.6006003966421256
[5496] -> 13081	0.5679001245873846
[14410] -> 5496	0.5723993885365743
[5496] -> 14410	0.48574951513672504
[2452] -> 5496	0.5594330935635835
[5496] -> 2452	0.5384230062807455
[5401] -> 5496	0.6200008143654058
[5496] -> 5401	0.4889284200521469
[6037] -> 5496	0.5685083952812403
[5496] -> 6037	0.5790487688968237
[7624] -> 5496	0.4936844527731203
[5496] -> 7624	0.4821788663832411
[8644] -> 5496	0.537983880685886
[5496] -> 8644	0.4873999768806915
[9628] -> 5582	0.8541183621097179
[5582] -> 9628	0.8206445333621716
[8904] -> 571	0.7000919658317937
[571] -> 8904	0.5457463573421515
[11283] -> 5926	0.46381977653877515
[5926] -> 11283	0.6919346752254066
[13728] -> 5926	0.5196424776880578
[5926] -> 13728	0.6431712268531837
[14313] -> 5926	0.372988368387508
[5926] -> 14313	0.6156703844035868
[14550] -> 5926	0.5397035658026637
[5926] -> 14550	0.6195086669570722
[6971] -> 5926	0.5882223063335857
[5926] -> 6971	0.6131060500209585
[14313] -> 6037	0.4659367033142129
[6037] -> 14313	0.5900025851034987
[14538] -> 6037	0.531764097258148
[6037] -> 14538	0.5184834900158258
[4996] -> 6037	0.5098223870079751
[6037] -> 4996	0.48811167647114456
[5317] -> 6037	0.4393287657119308
[6037] -> 5317	0.6452607486711938
[9340] -> 6037	0.47896264890896106
[6037] -> 9340	0.5242463792788191
[15107] -> 6134	0.5169841448049599
[6134] -> 15107	0.6267988535735082
[2372] -> 6134	0.6420573011591456
[6134] -> 2372	0.6660087570044693
[11283] -> 6196	0.4086155982105472
[6196] -> 11283	0.7663621897538697
[7617] -> 6206	0.526795435584904
[6206] -> 7617	0.5185285705338315
[12470] -> 6287	0.6388181756741534
[6287] -> 12470	0.5868025556791433
[14312] -> 6287	0.6642685219346791
[6287] -> 14312	0.39121032618536433
[15062] -> 6287	0.743097800655124
[6287] -> 15062	0.39434025711994625
[1905] -> 6287	0.5657700022171691
[6287] -> 1905	0.5676608293023617
[7617] -> 6287	0.809526166202401
[6287] -> 7617	0.5923640032075326
[16879] -> 6386	0.5040997299329009
[6386] -> 16879	0.4888623385039083
[11337] -> 6971	0.6476316082454804
[6971] -> 11337	0.596312768104971
[12918] -> 6971	0.5907168011576314
[6971] -> 12918	0.6309298511228867
[14313] -> 6971	0.39651051625239003
[6971] -> 14313	0.6279333838001514
[14550] -> 6971	0.58934555348704
[6971] -> 14550	0.6490348221044664
[2862] -> 6971	0.6278202513118353
[6971] -> 2862	0.635889793086046
[8904] -> 6971	0.6424269037341441
[6971] -> 8904	0.6114291572041383
[11089] -> 6972	0.5625100773170151
[6972] -> 11089	0.42596996354460404
[11677] -> 6972	0.6673924603687894
[6972] -> 11677	0.5399875574884733
[15205] -> 6972	0.5902635987311415
[6972] -> 15205	0.6740236407719008
[12470] -> 7234	0.5718026988668363
[7234] -> 12470	0.6722262317007767
[11521] -> 7624	0.558603590201329
[7624] -> 11521	0.5555182956899102
[13081] -> 7624	0.49773832486620123
[7624] -> 13081	0.48186869184995235
[14410] -> 7624	0.6156785881854369
[7624] -> 14410	0.5349442745832922
[16879] -> 7624	0.6377063785950942
[7624] -> 16879	0.6024131242397343
[3962] -> 7624	0.5549691798069216
[7624] -> 3962	0.5144425814511622
[15124] -> 8387	0.40324382721749247
[8387] -> 15124	0.7346988559892328
[15205] -> 8387	0.3811259846127996
[8387] -> 15205	0.6296433378196501
[3860] -> 8387	0.5033467535866978
[8387] -> 3860	0.6793741588156125
[3962] -> 8387	0.5303201185992239
[8387] -> 3962	0.6289030955585464
[15107] -> 8596	0.4498085151503811
[8596] -> 15107	0.726068221175144
[12918] -> 8644	0.5405060207162844
[8644] -> 12918	0.518958269831931
[14313] -> 8644	0.4076193036966221
[8644] -> 14313	0.580288219574263
[14538] -> 8644	0.5150543197102949
[8644] -> 14538	0.5645871286497062
[14550] -> 8644	0.5780037233280825
[8644] -> 14550	0.57221438546001
[1905] -> 8644	0.5586750609721512
[8644] -> 1905	0.7680420775059721
[4356] -> 8644	0.7492642897566497
[8644] -> 4356	0.5630914491079088
[571] -> 8644	0.5491694223416348
[8644] -> 571	0.6027305012298597
[5862] -> 8644	0.5777423459369453
[8644] -> 5862	0.5214109007393335
[1905] -> 8782	0.4680392490499688
[8782] -> 1905	0.6164440309403671
[5862] -> 8782	0.6173204103111892
[8782] -> 5862	0.533755288588872
[1905] -> 886	0.3713964556231018
[886] -> 1905	0.6632138187577113
[15107] -> 9340	0.5361638162244426
[9340] -> 15107	0.4951784603331874
[4996] -> 9756	0.4942606702799528
[9756] -> 4996	0.5670378821076172
[5317] -> 9756	0.4375128786317742
[9756] -> 5317	0.770002568790704
[6844] -> 9756	0.6252441824599884
[9756] -> 6844	0.5513531482796658
[9340] -> 9756	0.44206663748012626
[9756] -> 9340	0.5797987276930748
[16377] -> 9960	0.39798595570645884
[9960] -> 16377	0.66531217750258
[6287] -> 9960	0.3739569052484545
[9960] -> 6287	0.6660401002506267
