[16954] -> 10042	0.6610379711751663
[10042] -> 16954	0.8070331269245086
[4432] -> 10042	0.4648649340837351
[10042] -> 4432	0.6141846851419483
[5317] -> 10042	0.3550338278727934
[10042] -> 5317	0.6996159442357797
[15107] -> 10358	0.48052093858762773
[10358] -> 15107	0.7008924916073037
[11089] -> 10947	0.6128237218123048
[10947] -> 11089	0.5980652944394075
[15124] -> 10947	0.3925972778814013
[10947] -> 15124	0.6371715234120353
[15205] -> 10947	0.4177355051248237
[10947] -> 15205	0.6147448241755771
[2452] -> 10947	0.5418373747214178
[10947] -> 2452	0.6084581550611807
[6037] -> 10947	0.5213334089948991
[10947] -> 6037	0.6195553624013727
[8644] -> 10947	0.5343191113820503
[10947] -> 8644	0.5648111376698112
[14621] -> 11064	0.574070182811515
[11064] -> 14621	0.48504057128578754
[15107] -> 11064	0.5752279730050023
[11064] -> 15107	0.606425649995397
[4656] -> 11064	0.6084782309492132
[11064] -> 4656	0.5232709530635595
[6972] -> 11064	0.4731642934804728
[11064] -> 6972	0.535120135719828
[15205] -> 11089	0.3869407373839723
[11089] -> 15205	0.5834785746642814
[5317] -> 11089	0.38659935435126036
[11089] -> 5317	0.6914459894197769
[10583] -> 11283	0.6280046994657359
[11283] -> 10583	0.40345880071401813
[1180] -> 11283	0.7717222421417473
[11283] -> 1180	0.4624644643762259
[12155] -> 11283	0.622610123038817
[11283] -> 12155	0.46808956079070896
[12785] -> 11283	0.7284701522597277
[11283] -> 12785	0.39854992617405294
[13763] -> 11283	0.8163884978885985
[11283] -> 13763	0.4473521828238976
[15755] -> 11283	0.7928939084380453
[11283] -> 15755	0.49818189831853144
[16139] -> 11283	0.7240532530460554
[11283] -> 16139	0.4239813121184741
[2152] -> 11283	0.6180741342091183
[11283] -> 2152	0.5536780747956013
[2782] -> 11283	0.7785488307608351
[11283] -> 2782	0.5816382748969742
[4123] -> 11283	0.6466259885520945
[11283] -> 4123	0.43380457059743927
[4306] -> 11283	0.7410570287920049
[11283] -> 4306	0.6176917821803998
[15107] -> 11443	0.4637052006536682
[11443] -> 15107	0.6672949708736122
[11149] -> 1145	0.6682184337215399
[1145] -> 11149	0.6001541161864805
[15205] -> 1145	0.40001629352790524
[1145] -> 15205	0.5605405482540634
[6972] -> 1145	0.449482821775558
[1145] -> 6972	0.551586112419196
[13359] -> 11521	0.6359295443952971
[11521] -> 13359	0.4781381202684386
[8904] -> 11521	0.6272649693032966
[11521] -> 8904	0.5005719197328836
[12232] -> 12161	0.5052360143301444
[12161] -> 12232	0.6323946091112918
[3860] -> 12161	0.4758373116282548
[12161] -> 3860	0.6270480695789292
[11064] -> 12317	0.525578979208038
[12317] -> 11064	0.48502961308801396
[12672] -> 12317	0.5782889397976259
[12317] -> 12672	0.48864629350939365
[14367] -> 12317	0.7124744084795397
[12317] -> 14367	0.6673200155347347
[14691] -> 12317	0.5721318812472027
[12317] -> 14691	0.48870697606679936
[17169] -> 12317	0.5425931015528378
[12317] -> 17169	0.47920408757706684
[2862] -> 12317	0.5703174875044765
[12317] -> 2862	0.4445300742754502
[3624] -> 12317	0.5233884155262931
[12317] -> 3624	0.44283096266809063
[5496] -> 12317	0.5367789665669112
[12317] -> 5496	0.5072090878197971
[9756] -> 12317	0.5483914837032896
[12317] -> 9756	0.4404582746735278
[11064] -> 12470	0.5340877707492208
[12470] -> 11064	0.45745004392980243
[12672] -> 12470	0.6310082084353703
[12470] -> 12672	0.49486359233143346
[1307] -> 12470	0.6676099565206629
[12470] -> 1307	0.45573790804028025
[14367] -> 12470	0.7492549304169798
[12470] -> 14367	0.6513212732884273
[17088] -> 12470	0.601459430725366
[12470] -> 17088	0.42057717001959943
[3860] -> 12470	0.5340097473419173
[12470] -> 3860	0.4825745117033499
[3962] -> 12470	0.5501032068605962
[12470] -> 3962	0.436780508684584
[10550] -> 12582	0.6815071159752564
[12582] -> 10550	0.5482384710680531
[15107] -> 12582	0.5452328380923868
[12582] -> 15107	0.6083921437619186
[13462] -> 12911	0.610569967363144
[12911] -> 13462	0.49157868360636864
[2152] -> 12911	0.5241179111545724
[12911] -> 2152	0.5771327567875065
[4306] -> 12911	0.4986912725061471
[12911] -> 4306	0.5109541449671884
[11064] -> 12918	0.5471665855679322
[12918] -> 11064	0.614341929434695
[14367] -> 12918	0.47568481612978464
[12918] -> 14367	0.5420564197594667
[17088] -> 12918	0.6098519628215661
[12918] -> 17088	0.5590148321508465
[4656] -> 12918	0.6196494930495022
[12918] -> 4656	0.5982989907640515
[6972] -> 12918	0.48868836160031626
[12918] -> 6972	0.6205287599022511
[12470] -> 13050	0.4304163193583996
[13050] -> 12470	0.5187797410954905
[4432] -> 13050	0.5089478368324337
[13050] -> 4432	0.5395925682051143
[5317] -> 13050	0.4660862696613779
[13050] -> 5317	0.7370157419915419
[9340] -> 13050	0.4310756008202954
[13050] -> 9340	0.5079863963126132
[11677] -> 13081	0.5319061785883672
[13081] -> 11677	0.5027235187046646
[15124] -> 13462	0.38226929398511517
[13462] -> 15124	0.6964604151946435
[15205] -> 13462	0.37335091676553106
[13462] -> 15205	0.6167776992698766
[6972] -> 13462	0.434685535871063
[13462] -> 6972	0.6288651122102217
[14367] -> 13651	0.5650478140306321
[13651] -> 14367	0.6459674253590395
[12470] -> 13728	0.5109993466849895
[13728] -> 12470	0.6024954844878878
[14312] -> 13728	0.7311266888033873
[13728] -> 14312	0.5526854016149596
[1905] -> 13728	0.5723751037686718
[13728] -> 1905	0.7371374309392265
[5862] -> 13728	0.5866334689517586
[13728] -> 5862	0.49596924139396514
[15107] -> 13763	0.45364444943427773
[13763] -> 15107	0.7312587975065353
[14367] -> 14149	0.46892088008914923
[14149] -> 14367	0.6048908092567675
[12155] -> 14240	0.6120576574992123
[14240] -> 12155	0.6219802805993268
[2862] -> 14240	0.5893060118649082
[14240] -> 2862	0.5636859193947156
[3624] -> 14240	0.5939337866138796
[14240] -> 3624	0.6166855321557296
[5496] -> 14240	0.5110587358875888
[14240] -> 5496	0.5926171397932739
[15107] -> 14312	0.4924029789304293
[14312] -> 15107	0.693485479365414
[571] -> 14312	0.4988697426888498
[14312] -> 571	0.6785168397196015
[11521] -> 14313	0.6066514595523819
[14313] -> 11521	0.4568644439133206
[13081] -> 14313	0.6238759542503192
[14313] -> 13081	0.45738228967495226
[14149] -> 14313	0.7109642048256207
[14313] -> 14149	0.42358289515615044
[14410] -> 14313	0.6297921932466588
[14313] -> 14410	0.41438615360101977
[16879] -> 14313	0.6505832892502157
[14313] -> 16879	0.4654039196940727
[13081] -> 14367	0.49358173272840883
[14367] -> 13081	0.47083862440718377
[571] -> 14410	0.5317053322310633
[14410] -> 571	0.6230040411072937
[15107] -> 14454	0.571535496426032
[14454] -> 15107	0.6518881079081414
[11149] -> 14538	0.7014410778690479
[14538] -> 11149	0.5709777547853079
[12155] -> 14550	0.5349293937461985
[14550] -> 12155	0.5226765000716025
[15755] -> 14550	0.6419420744806784
[14550] -> 15755	0.5241944722898468
[2152] -> 14574	0.4652361359680683
[14574] -> 2152	0.6849635089371412
[11521] -> 14621	0.5543786571456908
[14621] -> 11521	0.6525413835773155
[14410] -> 14621	0.5996428084938928
[14621] -> 14410	0.6166717253079933
[16879] -> 14621	0.5149232953754489
[14621] -> 16879	0.5757356431867883
[11089] -> 14691	0.6317191710878897
[14691] -> 11089	0.5845072923992811
[11677] -> 14691	0.5252231276678307
[14691] -> 11677	0.5192344579186292
[15124] -> 14691	0.4939518735341373
[14691] -> 15124	0.7600576856134069
[15205] -> 14691	0.42144737445072983
[14691] -> 15205	0.5880167373528555
[4656] -> 14691	0.5852869660962517
[14691] -> 4656	0.5437863643144861
[6972] -> 14691	0.4981074591112326
[14691] -> 6972	0.6086116380014636
[571] -> 15107	0.6158223106334608
[15107] -> 571	0.5947195090004117
[10168] -> 15124	0.7151037107176674
[15124] -> 10168	0.3695959297493952
[11443] -> 15124	0.7129547351697768
[15124] -> 11443	0.3667242239007184
[1180] -> 15124	0.6980445155418263
[15124] -> 1180	0.3505466398271436
[12232] -> 15124	0.5641641405194021
[15124] -> 12232	0.3969694731204639
[13651] -> 15124	0.753238577025916
[15124] -> 13651	0.4695239062586567
[16765] -> 15124	0.8022365751585303
[15124] -> 16765	0.37790633252691647
[16954] -> 15124	0.7428215077605321
[15124] -> 16954	0.49494912186743983
[17560] -> 15124	0.7760475242956427
[15124] -> 17560	0.3727354152431255
[191] -> 15124	0.7587824149108591
[15124] -> 191	0.34583741158654824
[2152] -> 15124	0.6871651998499357
[15124] -> 2152	0.5158497848529059
[2782] -> 15124	0.7253338839684074
[15124] -> 2782	0.45409887532549076
[4123] -> 15124	0.6668774482832247
[15124] -> 4123	0.3749145875270088
[4306] -> 15124	0.7098987388625968
[15124] -> 4306	0.49586326617296717
[11521] -> 15205	0.6040662501239711
[15205] -> 11521	0.4651904051487548
[13081] -> 15205	0.6963446439729414
[15205] -> 13081	0.522039542355535
[14149] -> 15205	0.6041469917177171
[15205] -> 14149	0.36807079537874815
[14410] -> 15205	0.6201586172450848
[15205] -> 14410	0.41726197447007846
[16879] -> 15205	0.546656179525016
[15205] -> 16879	0.3998890003411458
[4996] -> 15205	0.7040244456591173
[15205] -> 4996	0.5443260334933833
[5317] -> 15205	0.5565930008929185
[15205] -> 5317	0.6601679251719731
[571] -> 15205	0.5027061589335537
[15205] -> 571	0.3963146076569397
[6844] -> 15205	0.6789557558518113
[15205] -> 6844	0.403493943390174
[9340] -> 15205	0.6645487223207909
[15205] -> 9340	0.5873969561653182
[14313] -> 1542	0.37090702676864246
[1542] -> 14313	0.6477560284181326
[6206] -> 1542	0.5018893922628864
[1542] -> 6206	0.627146795133786
[6037] -> 15471	0.47104999337961295
[15471] -> 6037	0.7248093602654403
[12155] -> 15582	0.5316317482650722
[15582] -> 12155	0.41094035878757673
[12317] -> 15582	0.5269127142094276
[15582] -> 12317	0.4918516588402563
[12911] -> 15582	0.5743696710708989
[15582] -> 12911	0.48041509241584013
[5496] -> 15582	0.4970266000488074
[15582] -> 5496	0.4383960484652117
[571] -> 15582	0.5128332644414592
[15582] -> 571	0.44977597018222604
[9756] -> 15582	0.5811057888454042
[15582] -> 9756	0.43567710250992703
[4656] -> 15755	0.5533712590417641
[15755] -> 4656	0.6345939689415396
[571] -> 15755	0.5070915573008165
[15755] -> 571	0.6884596161097131
[11283] -> 16242	0.5360975824757036
[16242] -> 11283	0.546454163577959
[12918] -> 16242	0.5992956758632401
[16242] -> 12918	0.4558595592694925
[13050] -> 16242	0.5037640941396889
[16242] -> 13050	0.4167565199811308
[13728] -> 16242	0.592587919677008
[16242] -> 13728	0.5011512455915716
[14313] -> 16242	0.630009161886552
[16242] -> 14313	0.7105487791180898
[14538] -> 16242	0.5286471805483703
[16242] -> 14538	0.4590942785902014
[14550] -> 16242	0.5660819132178148
[16242] -> 14550	0.44398207426376435
[14712] -> 16242	0.7294940703375227
[16242] -> 14712	0.5205820248444415
[17157] -> 16242	0.5838612540499333
[16242] -> 17157	0.43010535301120917
[1905] -> 16242	0.514563707519297
[16242] -> 1905	0.5604319698092863
[7617] -> 16242	0.5606679769799635
[16242] -> 7617	0.44534672147718846
[9960] -> 16242	0.6753280259472211
[16242] -> 9960	0.41159557023159693
[11064] -> 16377	0.5868107155538606
[16377] -> 11064	0.49188649917872856
[12672] -> 16377	0.6203724317220479
[16377] -> 12672	0.4761445437809355
[14367] -> 16377	0.5959066524995464
[16377] -> 14367	0.5069670278791353
[14454] -> 16377	0.5410418030221109
[16377] -> 14454	0.41918468135768855
[17088] -> 16377	0.6458142044813866
[16377] -> 17088	0.44195980730435547
[2862] -> 16377	0.6823100758295314
[16377] -> 2862	0.4830619646577668
[571] -> 16377	0.5945088870517723
[16377] -> 571	0.5073638838975671
[8904] -> 16377	0.6849548870311607
[16377] -> 8904	0.4556788993859756
[9756] -> 16377	0.5796778434246513
[16377] -> 9756	0.4228996946413414
[11283] -> 16384	0.5154263172973091
[16384] -> 11283	0.6769807443213476
[12918] -> 16384	0.5663017076538033
[16384] -> 12918	0.555057057882816
[14313] -> 16384	0.47329110898661575
[16384] -> 14313	0.6878206566179184
[14550] -> 16384	0.5694472289846771
[16384] -> 14550	0.5754922463511176
[17157] -> 16384	0.5786239756051077
[16384] -> 17157	0.5492391076248435
[6287] -> 16384	0.46037403968028145
[16384] -> 6287	0.6439399969607722
[7624] -> 16668	0.5263503961600421
[16668] -> 7624	0.6681300704436951
[571] -> 16879	0.5811847680066137
[16879] -> 571	0.6263468552496032
[11521] -> 16882	0.4808092829515025
[16882] -> 11521	0.6198748657449239
[4432] -> 16882	0.48936824110178445
[16882] -> 4432	0.6515079189184582
[5317] -> 16882	0.34846572566797174
[16882] -> 5317	0.6919293519954993
[13651] -> 16954	0.5779147193233244
[16954] -> 13651	0.5406457871396896
[4996] -> 16954	0.5411499733284161
[16954] -> 4996	0.5693736141906873
[5317] -> 16954	0.4438792156054674
[16954] -> 5317	0.7164564855875831
[9340] -> 16954	0.4923615751515012
[16954] -> 9340	0.5922394678492239
[2452] -> 17088	0.5259631937864492
[17088] -> 2452	0.6348684740411411
[6037] -> 17088	0.5012263478792693
[17088] -> 6037	0.6402728781069283
[7624] -> 17088	0.5109642634053325
[17088] -> 7624	0.6258960356964514
[16954] -> 17157	0.5391491130820398
[17157] -> 16954	0.593177053554412
[4640] -> 17157	0.6044221418163362
[17157] -> 4640	0.5628740232513817
[571] -> 17157	0.5343469050325514
[17157] -> 571	0.6307146941109205
[6206] -> 17157	0.5153830629727829
[17157] -> 6206	0.5645816657137411
[6971] -> 17157	0.5941836992177644
[17157] -> 6971	0.5744387268915571
[10947] -> 17169	0.5666544280180132
[17169] -> 10947	0.5196097292840456
[11283] -> 17169	0.4452365735945523
[17169] -> 11283	0.555270028858046
[14313] -> 17169	0.43731576641172726
[17169] -> 14313	0.6034560945444551
[2152] -> 17169	0.46569739909100416
[17169] -> 2152	0.5202762127250241
[15107] -> 17308	0.4579731297481382
[17308] -> 15107	0.6653044951659524
[5317] -> 17308	0.37549797376193417
[17308] -> 5317	0.7925663492293612
[3624] -> 17355	0.5441159594916373
[17355] -> 3624	0.5540867228069151
[5496] -> 17355	0.516042231270149
[17355] -> 5496	0.5868798340624748
[12470] -> 1798	0.44096510396719907
[1798] -> 12470	0.690580982033393
[6972] -> 1798	0.447261775325453
[1798] -> 6972	0.6784885823403335
[13359] -> 1905	0.7681876940123288
[1905] -> 13359	0.450425644912628
[1470] -> 1905	0.7416916592364432
[1905] -> 1470	0.37744468678618753
[607] -> 1905	0.7746987471071742
[1905] -> 607	0.40044137134489355
[8904] -> 1905	0.7382702138412719
[1905] -> 8904	0.4594541638952052
[9471] -> 1905	0.7257942131005165
[1905] -> 9471	0.40935645376686725
[11521] -> 191	0.5062448345399848
[191] -> 11521	0.7755976499189627
[14410] -> 191	0.5480392305247385
[191] -> 14410	0.7335798217179903
[14454] -> 1962	0.5416465097749068
[1962] -> 14454	0.5232031556016741
[17088] -> 1962	0.5826446946632516
[1962] -> 17088	0.4971172149341323
[2152] -> 1962	0.5106121269150107
[1962] -> 2152	0.570537180711797
[4306] -> 1962	0.5203778124421649
[1962] -> 4306	0.5410221345666203
[571] -> 1962	0.4768975405600909
[1962] -> 571	0.507418275276768
[6206] -> 2152	0.5518486816008684
[2152] -> 6206	0.4877027251425303
[14312] -> 2452	0.6913069449568685
[2452] -> 14312	0.5251157700879452
[4656] -> 2452	0.579766328699668
[2452] -> 4656	0.5059386385170752
[15107] -> 2782	0.5600963037810461
[2782] -> 15107	0.6622222549981195
[3962] -> 2782	0.563552018385717
[2782] -> 3962	0.5859027588292123
[11089] -> 2862	0.5639612109671921
[2862] -> 11089	0.5718512059542531
[15205] -> 2862	0.38170644154442274
[2862] -> 15205	0.5836382604362922
[1905] -> 2862	0.49406778350116787
[2862] -> 1905	0.7459944256730455
[5862] -> 2862	0.5770825806248919
[2862] -> 5862	0.5720146987839247
[2862] -> 3106	0.57659249801473
[3106] -> 2862	0.5468541175949377
[16377] -> 3427	0.4569466338892993
[3427] -> 16377	0.6057873584216296
[1905] -> 3427	0.4699418895437272
[3427] -> 1905	0.6659919620021922
[12582] -> 3624	0.5779220779220778
[3624] -> 12582	0.5955546948962905
[16377] -> 3624	0.4399700153230518
[3624] -> 16377	0.572496198754913
[2372] -> 3624	0.5961361813807684
[3624] -> 2372	0.5864819118111141
[571] -> 3624	0.4779502945127622
[3624] -> 571	0.530754224402559
[6206] -> 3624	0.5398512147087273
[3624] -> 6206	0.5563803540178444
[11337] -> 3860	0.6594585799069943
[3860] -> 11337	0.4799070138482058
[14313] -> 3860	0.4654885675589548
[3860] -> 14313	0.5826280429281913
[14538] -> 3860	0.5774767201241594
[3860] -> 14538	0.5565520336046468
[1905] -> 3860	0.5975683326372453
[3860] -> 1905	0.7222817754621262
[2391] -> 3860	0.7148179626042613
[3860] -> 2391	0.4507896344123549
[7617] -> 3860	0.5443927546273384
[3860] -> 7617	0.47988831690079403
[3860] -> 3925	0.4588916449574333
[3925] -> 3860	0.6893836546293782
[11089] -> 3938	0.6855493193492165
[3938] -> 11089	0.5798072677212395
[15124] -> 3938	0.45496223383626655
[3938] -> 15124	0.6399062313306838
[15205] -> 3938	0.4953334317733977
[3938] -> 15205	0.6317177069534273
[16882] -> 3938	0.6197555278994835
[3938] -> 16882	0.4721291462115899
[6972] -> 3938	0.4574716118866685
[3938] -> 6972	0.5109288552949427
[11521] -> 3962	0.612225197527191
[3962] -> 11521	0.6568070421835875
[16879] -> 3962	0.5307166522816493
[3962] -> 16879	0.5408394157995162
[1905] -> 4043	0.3791513914025399
[4043] -> 1905	0.8117031493194687
[5317] -> 4123	0.4014527096641253
[4123] -> 5317	0.7679787137941512
[11337] -> 4306	0.6510486695727389
[4306] -> 11337	0.5024786505565397
[10168] -> 4432	0.6530380719275365
[4432] -> 10168	0.468072709577867
[12232] -> 4432	0.5382990170990644
[4432] -> 12232	0.5252812405959676
[16954] -> 4432	0.5483578159645232
[4432] -> 16954	0.5067068759083895
[4996] -> 4432	0.5239155202275975
[4432] -> 4996	0.5093704180352535
[5317] -> 4432	0.4338768115942029
[4432] -> 5317	0.6471190846635037
[9340] -> 4432	0.47603631420078807
[4432] -> 9340	0.5291100824033346
[2152] -> 4640	0.4448667564592213
[4640] -> 2152	0.5921347762733509
[2782] -> 4640	0.5668910996231592
[4640] -> 2782	0.6292752009692365
[4306] -> 4640	0.5645771091663803
[4640] -> 4306	0.699225593084366
[7617] -> 4656	0.5476308310120049
[4656] -> 7617	0.5922680491199095
[1905] -> 4951	0.3855760256985371
[4951] -> 1905	0.7277478249021936
[11521] -> 4996	0.48730867136103667
[4996] -> 11521	0.485376727890574
[13081] -> 4996	0.5277581569724795
[4996] -> 13081	0.5117322041265221
[15107] -> 5054	0.4526714319573868
[5054] -> 15107	0.7001794466098097
[15107] -> 5085	0.47475768122450507
[5085] -> 15107	0.6730925683562661
[1307] -> 5317	0.7305931175592169
[5317] -> 1307	0.3801471598324061
[12470] -> 5496	0.4890400774966771
[5496] -> 12470	0.5576377204361843
[1307] -> 5496	0.6031252320410537
[5496] -> 1307	0.4694696687516858
[3860] -> 5496	0.5462375509491817
[5496] -> 3860	0.5628652529637669
[3962] -> 5496	0.5417118861674434
[5496] -> 3962	0.49045044119347003
[6134] -> 5496	0.636417946565636
[5496] -> 6134	0.5404652118627741
[12232] -> 5862	0.5177552064879335
[5862] -> 12232	0.6197788215334831
[11521] -> 5926	0.5057291150120665
[5926] -> 11521	0.6286646557463282
[2862] -> 5926	0.5869704000124566
[5926] -> 2862	0.6196648283457578
[5317] -> 5939	0.3244513702864208
[5939] -> 5317	0.7782663316582914
[11521] -> 6037	0.6527951337234289
[6037] -> 11521	0.6225181430129696
[1220] -> 6037	0.6204736257924182
[6037] -> 1220	0.5251732334600664
[13081] -> 6037	0.5665937678285202
[6037] -> 13081	0.5259929004230742
[14410] -> 6037	0.6898487990192368
[6037] -> 14410	0.5747630847220383
[16879] -> 6037	0.5606398084472534
[6037] -> 16879	0.5078530400186632
[30] -> 6037	0.6368726406728991
[6037] -> 30	0.4754951103713091
[14313] -> 6134	0.3625567638623327
[6134] -> 14313	0.5506250141790875
[13359] -> 6206	0.7096212527590421
[6206] -> 13359	0.5615705268725164
[5317] -> 6206	0.42245775808778074
[6206] -> 5317	0.6848368441929894
[571] -> 6206	0.5547625813785264
[6206] -> 571	0.5977508229120997
[9340] -> 6206	0.4222677941888062
[6206] -> 9340	0.5101289518918279
[12582] -> 6287	0.5519550117620856
[6287] -> 12582	0.41028479784784916
[14574] -> 6287	0.7428602473786198
[6287] -> 14574	0.4244289816084224
[16377] -> 6287	0.604191240505771
[6287] -> 16377	0.5670917509506196
[16668] -> 6287	0.6830617968150101
[6287] -> 16668	0.42338912025660264
[4432] -> 6287	0.5667006012178022
[6287] -> 4432	0.45789596213042244
[4996] -> 6287	0.6229164883073093
[6287] -> 4996	0.4893453012235185
[5317] -> 6287	0.624437633079195
[6287] -> 5317	0.7525233451460204
[607] -> 6287	0.7373114675604501
[6287] -> 607	0.38238961173336095
[7234] -> 6287	0.6219120577894605
[6287] -> 7234	0.4859308311130655
[8782] -> 6287	0.5665767974411039
[6287] -> 8782	0.43161488915905744
[9340] -> 6287	0.5870814995737229
[6287] -> 9340	0.5272510928891073
[12470] -> 6386	0.5235193403771204
[6386] -> 12470	0.6274485980046711
[9756] -> 6386	0.608856283715378
[6386] -> 9756	0.5439701375669947
[12470] -> 6692	0.4939455721011962
[6692] -> 12470	0.698945640306346
[1905] -> 6692	0.3796927931690566
[6692] -> 1905	0.5868551709847862
[5317] -> 6844	0.3907591524143142
[6844] -> 5317	0.7798845059803283
[9340] -> 6844	0.44574759787091867
[6844] -> 9340	0.6629767983823983
[10042] -> 6971	0.6465079687341386
[6971] -> 10042	0.60264477668433
[11521] -> 6971	0.5429138153327383
[6971] -> 11521	0.6474971612414838
[14410] -> 6971	0.5989390201449954
[6971] -> 14410	0.6240931743628565
[16879] -> 6971	0.5471712559512208
[6971] -> 16879	0.619882349230381
[2452] -> 6971	0.5578450082073318
[6971] -> 2452	0.6592385818824124
[6037] -> 6971	0.5079728374978719
[6971] -> 6037	0.6352904996214989
[7624] -> 6971	0.5494756221849624
[6971] -> 7624	0.6589625914711078
[8644] -> 6971	0.5281024717699346
[6971] -> 8644	0.5874731895029018
[14621] -> 6972	0.5731362797973429
[6972] -> 14621	0.42818519573698616
[15107] -> 6972	0.5511769769095468
[6972] -> 15107	0.513794326447314
[4656] -> 6972	0.5560398219938524
[6972] -> 4656	0.42281282160113026
[6972] -> 7234	0.5510927897389979
[7234] -> 6972	0.6275731472346737
[4306] -> 7617	0.5134375908838538
[7617] -> 4306	0.5491933089181431
[571] -> 7617	0.4803722744652268
[7617] -> 571	0.525848050791137
[14312] -> 7624	0.7081730177972206
[7624] -> 14312	0.5300785744813755
[1905] -> 7624	0.5164302545619543
[7624] -> 1905	0.6585593582536081
[7617] -> 7624	0.5944203277668585
[7624] -> 7617	0.552822434822632
[15107] -> 8387	0.5701820041665108
[8387] -> 15107	0.7689687079407806
[1905] -> 8387	0.493423257588648
[8387] -> 1905	0.804971399730821
[11283] -> 8596	0.41438393899993387
[8596] -> 11283	0.7572590713221377
[11521] -> 8644	0.5875367780753082
[8644] -> 11521	0.6299008314844088
[14410] -> 8644	0.6243132387885758
[8644] -> 14410	0.5847894352569236
[16879] -> 8644	0.5301528524097224
[8644] -> 16879	0.5399048719457302
[4432] -> 8644	0.580037520088614
[8644] -> 4432	0.6421639860214216
[5317] -> 8644	0.3958333333333333
[8644] -> 5317	0.6536119597655115
[9340] -> 8644	0.4179762206502454
[8644] -> 9340	0.5143365491624904
[11064] -> 8782	0.5837201962151002
[8782] -> 11064	0.6028549891002438
[14454] -> 8782	0.527226032269998
[8782] -> 14454	0.5032835091102947
[2122] -> 8782	0.7011362668760703
[8782] -> 2122	0.5032767179849372
[4432] -> 8782	0.48192184808846034
[8782] -> 4432	0.5111544233995016
[5317] -> 8782	0.3899735558760904
[8782] -> 5317	0.6169194097153838
[14538] -> 9340	0.5276836523538541
[9340] -> 14538	0.4700626742551672
[14712] -> 9340	0.6729124204197587
[9340] -> 14712	0.4925747137030807
[16954] -> 9960	0.5142391906873615
[9960] -> 16954	0.6838327436237653
[6972] -> 9960	0.422737236250734
[9960] -> 6972	0.669937711926876
