[14313] -> 10042	0.38662663320586366
[10042] -> 14313	0.6568453287314316
[14550] -> 10042	0.5821853071745668
[10042] -> 14550	0.6878151118329779
[5317] -> 10359	0.37276341094855414
[10359] -> 5317	0.8106823762265313
[16377] -> 10947	0.4062372537563525
[10947] -> 16377	0.5522527855414103
[12232] -> 11064	0.5688096269175754
[11064] -> 12232	0.570036428674759
[16954] -> 11064	0.5550997782705099
[11064] -> 16954	0.5267823090782361
[3860] -> 11064	0.5282012290126765
[11064] -> 3860	0.5572929680821683
[3962] -> 11064	0.550287631491215
[11064] -> 3962	0.5101263825142361
[6974] -> 11064	0.7251506788625016
[11064] -> 6974	0.5166098975525717
[10042] -> 11283	0.7682384191114269
[11283] -> 10042	0.50033607334112
[11521] -> 11283	0.6624218982445701
[11283] -> 11521	0.5519756704938625
[13081] -> 11283	0.5555842321171452
[11283] -> 13081	0.4506798598408886
[14149] -> 11283	0.6026509991391775
[11283] -> 14149	0.39727725499702493
[14410] -> 11283	0.7084045950568327
[11283] -> 14410	0.5157348436432554
[16879] -> 11283	0.7100398140156472
[11283] -> 16879	0.562013795535183
[17308] -> 11283	0.7162545418301423
[11283] -> 17308	0.43550697489917795
[1905] -> 11283	0.6223387525072058
[11283] -> 1905	0.6649679352976178
[5862] -> 11283	0.6406164093058326
[11283] -> 5862	0.44935760407254777
[7617] -> 11283	0.6463002502792664
[11283] -> 7617	0.5036362033629371
[3860] -> 1145	0.4715183167761477
[1145] -> 3860	0.5398133481741513
[15107] -> 11521	0.6358482092736051
[11521] -> 15107	0.6740255876227312
[14712] -> 11677	0.6179754944008562
[11677] -> 14712	0.5643081964385805
[15107] -> 12155	0.5693711562691017
[12155] -> 15107	0.6689457060991786
[3962] -> 12155	0.5689996382439937
[12155] -> 3962	0.5878382834656056
[11283] -> 12161	0.41572272296537893
[12161] -> 11283	0.6197140299439066
[14313] -> 1220	0.38957934990439774
[1220] -> 14313	0.5828323686504123
[11521] -> 12232	0.534536678898476
[12232] -> 11521	0.5304646798682466
[16879] -> 12232	0.5090207979508311
[12232] -> 16879	0.47983675183391733
[12470] -> 12317	0.6780565004843543
[12317] -> 12470	0.7305755133744356
[14312] -> 12317	0.6366591120715404
[12317] -> 14312	0.4398029030535463
[3938] -> 12317	0.48403854645575206
[12317] -> 3938	0.4523277829020826
[6287] -> 12317	0.5382291316381697
[12317] -> 6287	0.6313231224816739
[14312] -> 12470	0.6883114601451185
[12470] -> 14312	0.4413030255243416
[2152] -> 12470	0.6615927723143724
[12470] -> 2152	0.6058539277748992
[2782] -> 12470	0.6079379945575624
[12470] -> 2782	0.4642873234359864
[4123] -> 12470	0.6106398180160796
[12470] -> 4123	0.4187805537407916
[4306] -> 12470	0.5933492848266928
[12470] -> 4306	0.5055813377188042
[12232] -> 12582	0.5470716375995696
[12582] -> 12232	0.5802884146935594
[3860] -> 12582	0.5094668877061338
[12582] -> 3860	0.5689369580044821
[3962] -> 12582	0.5139205129842033
[12582] -> 3962	0.5042524463746328
[6134] -> 12582	0.6142758834516814
[12582] -> 6134	0.5653456939630572
[11283] -> 12911	0.43914317826211513
[12911] -> 11283	0.5398040105376504
[14313] -> 12911	0.4942987173358827
[12911] -> 14313	0.6722899072876385
[14538] -> 12911	0.473312209001552
[12911] -> 14538	0.49568267856780057
[1905] -> 12911	0.403942436101701
[12911] -> 1905	0.5305463189332321
[12470] -> 12918	0.4837290770235869
[12918] -> 12470	0.6341058258089761
[14312] -> 12918	0.7384792424322283
[12918] -> 14312	0.6206542683962231
[3860] -> 12918	0.5154686078252957
[12918] -> 3860	0.6106283545836441
[3962] -> 12918	0.55326679860121
[12918] -> 3962	0.575855118900841
[11149] -> 13050	0.6754079346668996
[13050] -> 11149	0.5771316855946182
[15124] -> 13050	0.40909342739478105
[13050] -> 15124	0.6014947764284211
[15205] -> 13050	0.41260304383468177
[13050] -> 15205	0.5500804409658346
[4306] -> 13081	0.48000555217724666
[13081] -> 4306	0.4932285582330408
[16377] -> 13462	0.4255619370983211
[13462] -> 16377	0.6494397900474411
[11089] -> 13728	0.6165935981204365
[13728] -> 11089	0.5332753399915001
[11677] -> 13728	0.5596803633280156
[13728] -> 11677	0.5171855078623034
[15124] -> 13728	0.5062097176309812
[13728] -> 15124	0.728079844878878
[15205] -> 13728	0.4631078886133698
[13728] -> 15205	0.6039696663833404
[2372] -> 13728	0.5632426915506307
[13728] -> 2372	0.5130418614534636
[4640] -> 13728	0.6358813994990093
[13728] -> 4640	0.5158175733106671
[6206] -> 13728	0.577291105590235
[13728] -> 6206	0.5508592753931152
[6971] -> 13728	0.6634099798132728
[13728] -> 6971	0.5586684551636208
[5317] -> 14149	0.3781853149254757
[14149] -> 5317	0.7362623586537739
[10042] -> 14240	0.6568707068656313
[14240] -> 10042	0.578252062792291
[11521] -> 14240	0.7553572018909716
[14240] -> 11521	0.8507640523070507
[13081] -> 14240	0.5075592925643184
[14240] -> 13081	0.5565145512495904
[14410] -> 14240	0.6392441464485175
[14240] -> 14410	0.6290473920943672
[3938] -> 14240	0.5575599366217304
[14240] -> 3938	0.6394060349706593
[6287] -> 14240	0.40558214128663445
[14240] -> 6287	0.5838148997646778
[12672] -> 14313	0.7106724022779666
[14313] -> 12672	0.49274518005098794
[14367] -> 14313	0.7479332417653615
[14313] -> 14367	0.574818753983429
[14454] -> 14313	0.5576392248370848
[14313] -> 14454	0.39029636711281074
[2452] -> 14313	0.6138950796044466
[14313] -> 2452	0.45810428616953475
[7624] -> 14313	0.6800210408653056
[14313] -> 7624	0.514962754939452
[3962] -> 14454	0.5347321232240262
[14454] -> 3962	0.5363108619561195
[571] -> 14538	0.4678942337501292
[14538] -> 571	0.46847516813243667
[11521] -> 14550	0.5710403649707428
[14550] -> 11521	0.6184089932693685
[14410] -> 14550	0.5932784428871971
[14550] -> 14410	0.5613418301589576
[16879] -> 14550	0.5621084723111618
[14550] -> 16879	0.5782400114563941
[2452] -> 14550	0.5875448734202554
[14550] -> 2452	0.6304811685521983
[571] -> 14550	0.5818693810065103
[14550] -> 571	0.645080910783331
[6037] -> 14550	0.5501667707013197
[14550] -> 6037	0.6247816124874697
[7624] -> 14550	0.5453200512871091
[14550] -> 7624	0.5938350279249607
[1905] -> 14574	0.3792235783047421
[14574] -> 1905	0.6659573697459208
[5317] -> 14660	0.3237044096435195
[14660] -> 5317	0.7634789652204729
[16377] -> 14691	0.49541410823145526
[14691] -> 16377	0.6385271697818319
[3860] -> 14691	0.5342528076582697
[14691] -> 3860	0.6089881573993167
[3962] -> 14691	0.6031394746735329
[14691] -> 3962	0.6040649886688975
[5054] -> 14691	0.7068845753096901
[14691] -> 5054	0.5205203071829955
[8904] -> 15107	0.6899922947546334
[15107] -> 8904	0.5194416376632611
[11337] -> 15124	0.7330410132999906
[15124] -> 11337	0.39518273652329683
[12918] -> 15124	0.8239780286307025
[15124] -> 12918	0.5152772904393433
[14313] -> 15124	0.690955624601657
[15124] -> 14313	0.6406674176808436
[14538] -> 15124	0.6169943093636834
[15124] -> 14538	0.4405067498938115
[14550] -> 15124	0.6916296720607189
[15124] -> 14550	0.44595929749395186
[14712] -> 15124	0.752260511674392
[15124] -> 14712	0.44133779017156366
[1905] -> 15124	0.6465316771595485
[15124] -> 1905	0.5789072743725646
[457] -> 15124	0.6572343741970847
[15124] -> 457	0.35430017174832407
[571] -> 15124	0.669951947917743
[15124] -> 571	0.47891004450682373
[5862] -> 15124	0.6483215256287407
[15124] -> 5862	0.3810919869249663
[7617] -> 15124	0.6596838280001697
[15124] -> 7617	0.43078819553454356
[985] -> 15124	0.8325981399793332
[15124] -> 985	0.3459574507377791
[12672] -> 15205	0.6388001177763255
[15205] -> 12672	0.4529142502176713
[14367] -> 15205	0.6637144634203228
[15205] -> 14367	0.5216118372480231
[14454] -> 15205	0.6093096383142198
[15205] -> 14454	0.43609118265553953
[9471] -> 15205	0.6984138593042922
[15205] -> 9471	0.3889876118270646
[5317] -> 1542	0.3767429081667697
[1542] -> 5317	0.7631503430524275
[11521] -> 15582	0.5271050282653972
[15582] -> 11521	0.4515829363483423
[13081] -> 15582	0.4896153114727377
[15582] -> 13081	0.40834603118857593
[14410] -> 15582	0.5702199149399888
[15582] -> 14410	0.4268178702722911
[16384] -> 15582	0.534202166535208
[15582] -> 16384	0.4181682234520418
[16879] -> 15582	0.5740248350363337
[15582] -> 16879	0.46714323747160685
[17308] -> 15582	0.6860995079872784
[15582] -> 17308	0.4289137244461564
[3938] -> 15582	0.5388321774591548
[15582] -> 3938	0.47002645307835667
[6287] -> 15582	0.665444010450348
[15582] -> 6287	0.7286038778966687
[6692] -> 15582	0.5790371297189171
[15582] -> 6692	0.41156345056899607
[5317] -> 16139	0.3572060237653685
[16139] -> 5317	0.7828856376722962
[12317] -> 16242	0.7554857031894753
[16242] -> 12317	0.6991598715097603
[12911] -> 16242	0.6498398358402016
[16242] -> 12911	0.5388727901700474
[14240] -> 16242	0.5427824610526942
[16242] -> 14240	0.40932115820922343
[6971] -> 16242	0.5803132096896292
[16242] -> 6971	0.4132859357099535
[1220] -> 16377	0.5656468590073078
[16377] -> 1220	0.4185342784385921
[12470] -> 16377	0.5990560724503818
[16377] -> 12470	0.586277600784893
[14312] -> 16377	0.6796851666403134
[16377] -> 14312	0.4264769106963721
[2452] -> 16384	0.5181962553214204
[16384] -> 2452	0.5619676828782934
[3106] -> 16384	0.5540681232509543
[16384] -> 3106	0.5429942182310247
[6037] -> 16384	0.5006714963966179
[16384] -> 6037	0.574609423053266
[7624] -> 16384	0.5442614327514218
[16384] -> 7624	0.5989738988226609
[14621] -> 17088	0.5643031137882998
[17088] -> 14621	0.5840058634965125
[15107] -> 17088	0.5388832753265222
[17088] -> 15107	0.6958633354274393
[4656] -> 17088	0.5600694285146274
[17088] -> 4656	0.5899499025435333
[6972] -> 17088	0.4313365234227372
[17088] -> 6972	0.5975128465342547
[11283] -> 17157	0.5581076316195429
[17157] -> 11283	0.7722584333905088
[12918] -> 17157	0.5634519265553825
[17157] -> 12918	0.5818105584143319
[14313] -> 17157	0.4563814531548757
[17157] -> 14313	0.6987307032590051
[14550] -> 17157	0.6242660747529716
[17157] -> 14550	0.6646464646464646
[4432] -> 17157	0.4748468143139778
[17157] -> 4432	0.5653744997141223
[5317] -> 17157	0.3855862353183598
[17157] -> 5317	0.6847341337907376
[9340] -> 17157	0.44685937463996867
[17157] -> 9340	0.591370306842005
[1905] -> 17169	0.47294280219241935
[17169] -> 1905	0.6302253675965371
[1220] -> 17355	0.5658405405204074
[17355] -> 1220	0.5547732601026885
[3938] -> 17355	0.5349359723629185
[17355] -> 3938	0.6016549930981091
[6287] -> 17355	0.39965855298895475
[17355] -> 6287	0.5642167997136993
[3962] -> 17627	0.5147858900971066
[17627] -> 3962	0.683126564882622
[15124] -> 1798	0.4047489334983102
[1798] -> 15124	0.7732344302636336
[15107] -> 1905	0.7659955340992728
[1905] -> 15107	0.6332286623251401
[12470] -> 1962	0.4225371150510262
[1962] -> 12470	0.5155615417917936
[1905] -> 1962	0.5244430007064004
[1962] -> 1905	0.6989534012740605
[2391] -> 1962	0.7396529232715342
[1962] -> 2391	0.5143245899160935
[15107] -> 2152	0.5340618489826978
[2152] -> 15107	0.5266025818434534
[5317] -> 2152	0.576649323442544
[2152] -> 5317	0.8261345535280478
[9340] -> 2152	0.5625993686490472
[2152] -> 9340	0.6006568386870607
[11677] -> 2452	0.540644447318875
[2452] -> 11677	0.5020151335192772
[3962] -> 2452	0.6588853659055603
[2452] -> 3962	0.6198137002388799
[2152] -> 2782	0.4804393685000338
[2782] -> 2152	0.5760871969970723
[4306] -> 2782	0.6084987970282633
[2782] -> 4306	0.6789109224858224
[4640] -> 2862	0.6304212577154177
[2862] -> 4640	0.5995593478971707
[6206] -> 2862	0.5389326151555007
[2862] -> 6206	0.6029226289647011
[11521] -> 3106	0.48754669575853743
[3106] -> 11521	0.5444765231003241
[14410] -> 3106	0.5482813942576924
[3106] -> 14410	0.5349661451218701
[16879] -> 3106	0.573635047470557
[3106] -> 16879	0.6085238977782044
[571] -> 3106	0.5148160586958769
[3106] -> 571	0.5885653949243527
[15107] -> 3151	0.45051956638349366
[3151] -> 15107	0.6207352915900379
[15107] -> 3427	0.49429287826054413
[3427] -> 15107	0.5790865911582024
[15107] -> 3624	0.5613125756271596
[3624] -> 15107	0.6454442436239493
[4432] -> 3624	0.5676546102968952
[3624] -> 4432	0.6358694093008578
[5317] -> 3624	0.3744548045882272
[3624] -> 5317	0.6256060475657688
[9340] -> 3624	0.43009631558330835
[3624] -> 9340	0.5354950225205841
[10583] -> 3860	0.6772204546818855
[3860] -> 10583	0.4921659790344896
[12155] -> 3860	0.6350532386542675
[3860] -> 12155	0.5400924875665299
[15755] -> 3860	0.6516927825469341
[3860] -> 15755	0.4631919428621287
[2372] -> 3860	0.6066559743384122
[3860] -> 2372	0.5186221596220724
[6206] -> 3860	0.6546204861618544
[3860] -> 6206	0.5862552507260648
[11283] -> 3925	0.4043347951605439
[3925] -> 11283	0.6871272482140683
[12582] -> 3938	0.5458094959702677
[3938] -> 12582	0.5092534871035611
[16377] -> 3938	0.4708090350886863
[3938] -> 16377	0.5546702511753552
[3860] -> 3938	0.5946252508507112
[3938] -> 3860	0.6195615470531701
[3962] -> 3938	0.6871519871753948
[3938] -> 3962	0.6290682874879867
[6134] -> 3938	0.5942436685647738
[3938] -> 6134	0.5102794877789033
[14313] -> 4432	0.4556644359464627
[4432] -> 14313	0.5859280459461017
[14538] -> 4432	0.5260863942058975
[4432] -> 14538	0.5208889571848409
[11521] -> 457	0.49870739528579455
[457] -> 11521	0.6459892773333791
[4432] -> 457	0.4690907461119328
[457] -> 4432	0.6274644147924839
[1905] -> 4640	0.44311414296100354
[4640] -> 1905	0.7034987475236987
[15107] -> 4656	0.5173271958384791
[4656] -> 15107	0.6341927788227737
[6206] -> 4656	0.5530456446550728
[4656] -> 6206	0.6076600755455643
[14367] -> 4996	0.6384209707932723
[4996] -> 14367	0.6489361001534438
[6037] -> 5085	0.47403862522934914
[5085] -> 6037	0.6648420643061795
[8644] -> 5085	0.5342765802102458
[5085] -> 8644	0.6665133882777405
[11521] -> 5317	0.6483387880591094
[5317] -> 11521	0.420950958170204
[1180] -> 5317	0.6854124720743581
[5317] -> 1180	0.32004687821965794
[13081] -> 5317	0.636318563394822
[5317] -> 13081	0.4021953774297685
[16879] -> 5317	0.7056686248851518
[5317] -> 16879	0.4352204821759736
[4306] -> 5317	0.6959720276022526
[5317] -> 4306	0.4520185108867367
[14454] -> 5401	0.5160923138214621
[5401] -> 14454	0.5907732399527668
[1905] -> 5401	0.45583450637049405
[5401] -> 1905	0.7199397369599738
[11677] -> 5496	0.5372454332485376
[5496] -> 11677	0.4801238167409481
[15205] -> 5496	0.5640768443509829
[5496] -> 15205	0.7114517641316773
[2152] -> 5496	0.47772099116219857
[5496] -> 2152	0.498837612546078
[2782] -> 5496	0.5365889632082359
[5496] -> 2782	0.46727975647661735
[4306] -> 5496	0.530510535917299
[5496] -> 4306	0.5154449824678577
[14313] -> 5862	0.359877907903123
[5862] -> 14313	0.5676730705791797
[11064] -> 5926	0.5919856915530188
[5926] -> 11064	0.7399419737155726
[14454] -> 5926	0.5363606613357617
[5926] -> 14454	0.6196566093253008
[14691] -> 5926	0.5650064292463218
[5926] -> 14691	0.653675134997411
[14367] -> 6037	0.466841164122632
[6037] -> 14367	0.4543224822037692
[14454] -> 6037	0.64234796960815
[6037] -> 14454	0.5692965365918247
[2452] -> 6037	0.6690109831449427
[6037] -> 2452	0.6321649926545229
[5401] -> 6037	0.6326967710411662
[6037] -> 5401	0.4898581976153996
[7624] -> 6037	0.5687345892099812
[6037] -> 7624	0.5453685664024817
[12155] -> 6134	0.5953569151625739
[6134] -> 12155	0.6143741917920098
[1220] -> 6134	0.6006734157224694
[6134] -> 1220	0.6097763863366532
[15107] -> 6206	0.6364844130084952
[6206] -> 15107	0.710140086431867
[8904] -> 6206	0.6239260296444816
[6206] -> 8904	0.5240610451157645
[14621] -> 6287	0.6409142910508743
[6287] -> 14621	0.4260482681911069
[15107] -> 6287	0.6037136833701334
[6287] -> 15107	0.5007423885770454
[2862] -> 6287	0.648412562477617
[6287] -> 2862	0.43087508730179264
[5496] -> 6287	0.5373762153692024
[6287] -> 5496	0.4328979021702579
[8904] -> 6287	0.6800831835091178
[6287] -> 8904	0.4246566129491192
[9756] -> 6287	0.5946146058417322
[6287] -> 9756	0.4071600403528286
[15124] -> 6386	0.44856322369757523
[6386] -> 15124	0.655819259379261
[15205] -> 6386	0.42506250095469894
[6386] -> 15205	0.563504920821352
[15124] -> 6692	0.4491264843302739
[6692] -> 15124	0.7752611990851059
[15205] -> 6692	0.42083127542681403
[6692] -> 15205	0.6586759537452481
[14712] -> 6844	0.5745752441509998
[6844] -> 14712	0.6255611912676925
[11064] -> 6971	0.5671892055392627
[6971] -> 11064	0.6801744259399445
[17088] -> 6971	0.6474411636785385
[6971] -> 17088	0.6338711203633611
[4656] -> 6971	0.5696808429294551
[6971] -> 4656	0.5874968458238709
[6972] -> 6971	0.430272514259467
[6971] -> 6972	0.583546240222054
[1307] -> 6972	0.6692187744932223
[6972] -> 1307	0.47161770092621125
[13651] -> 6972	0.6942294445720042
[6972] -> 13651	0.5449703763569024
[16954] -> 6972	0.6312638580931264
[6972] -> 16954	0.5297021355768616
[3962] -> 6972	0.5411231460004682
[6972] -> 3962	0.44355227889831444
[1905] -> 6974	0.4012508958910184
[6974] -> 1905	0.7182651394183289
[1145] -> 7234	0.5144198524480215
[7234] -> 1145	0.4773721951122617
[15107] -> 7234	0.4573743497623592
[7234] -> 15107	0.4855228396819196
[3860] -> 7234	0.4525720767322722
[7234] -> 3860	0.48080857572286484
[15107] -> 7617	0.46876364407519683
[7617] -> 15107	0.5313485386236054
[11677] -> 7624	0.5600037367596544
[7624] -> 11677	0.5124042476246835
[6206] -> 7624	0.553080440092695
[7624] -> 6206	0.5225761909458526
[2372] -> 8387	0.5360574469636218
[8387] -> 2372	0.6185312920592194
[6206] -> 8387	0.5668037606908982
[8387] -> 6206	0.685127860026918
[4306] -> 8596	0.4911826137535362
[8596] -> 4306	0.748177681124401
[11064] -> 8644	0.5240994752692697
[8644] -> 11064	0.5649840862532164
[14454] -> 8644	0.5772246094305796
[8644] -> 14454	0.5751419477858981
[17088] -> 8644	0.5983182718793795
[8644] -> 17088	0.5265784381136007
[2862] -> 8644	0.6014356227519736
[8644] -> 2862	0.5476030140423752
[8904] -> 8644	0.6162456399081999
[8644] -> 8904	0.5272376712765732
[571] -> 9340	0.4909837759636251
[9340] -> 571	0.4379133159750224
[11283] -> 9960	0.45207924719571585
[9960] -> 11283	0.7560813799203892
[12918] -> 9960	0.5366078745505689
[9960] -> 12918	0.6697165708388619
[13728] -> 9960	0.5142371440713982
[9960] -> 13728	0.7135485773256671
[14313] -> 9960	0.3735958413001912
[9960] -> 14313	0.6913423264042459
